-51.5662 31.7478 83.8763
-51.9705 11.83 77.4789
-55.5989 -16.4136 75.5003
-50.3411 -38.0051 72.0996
-51.0021 12.7884 78.1337
-55.3817 -15.2516 76.9693
-50.3282 -37.6654 72.4306
-49.9652 14.3246 78.8473
-55.2147 -13.2535 78.8929
-50.3975 -36.7783 72.9877
-48.9578 15.9271 79.4028
-55.0513 -11.4567 80.3634
-50.5047 -35.7364 73.5179
-48.0228 17.4556 79.735
-54.6514 -9.51309 81.7694
-50.5218 -34.5105 74.4412
-47.1235 18.995 80.5615
-54.1667 -7.58483 83.1519
-50.2913 -33.3036 75.8541
-46.3052 20.6115 81.7878
-53.4305 -5.41813 84.1865
-50.4892 -31.8761 76.4338
-45.9361 21.9965 82.7827
-52.505 -3.2548 85.4447
-50.3217 -30.4436 77.9407
-46.2924 23.3406 83.3404
-51.3674 -1.46621 85.4342
-50.2046 -28.9104 79.396
-46.6535 24.744 83.9757
-50.2444 0.696663 87.1891
-50.0529 -27.2963 80.9814
-47.0081 26.1526 84.6641
-49.1128 2.68301 87.9364
-49.8321 -25.6842 82.5987
-47.4014 27.765 85.3987
-47.646 4.63744 88.6786
-49.6074 -23.8923 84.3591
-47.7323 29.4416 86.0952
-46.4088 6.40712 88.8346
-49.2731 -22.1795 85.9546
-48.2622 31.4151 87.5516
-45.2436 8.12108 88.5255
-49.0946 -20.4986 87.3053
-48.765 33.6897 89.3893
-44.2009 9.87891 88.3474
-48.6679 -18.6555 89.1674
-46.5101 -42.2586 76.8141
-43.4006 11.702 88.6292
-48.2115 -16.7917 90.8905
-46.2011 -41.2762 78.5428
-42.7229 13.4701 88.9933
-47.6 -14.9005 92.6651
-45.9766 -40.2333 80.3687
-42.6235 15.5677 89.8213
-46.9788 -12.8718 94.0161
-45.7548 -39.182 82.2048
-42.4959 17.5886 90.4519
-46.0816 -10.9737 95.085
-45.5166 -37.9541 84.0141
-41.5906 19.3645 89.6058
-45.0459 -8.81491 96.3693
-45.2886 -36.6342 85.9222
-41.1154 20.4643 88.9734
-43.6383 -6.81764 97.0627
-44.9551 -35.3584 88.0995
-40.6936 22.0533 89.993
-42.1225 -5.0232 96.4021
-44.7631 -34.0357 89.595
-40.3972 23.6179 90.271
-40.8185 -2.77235 97.2502
-44.2486 -32.3898 91.7637
-40.4043 24.3736 91.6222
-39.3343 -0.658218 97.8133
-43.6777 -30.8282 93.5139
-40.3484 26.0223 92.8304
-37.9921 1.28517 97.8466
-42.8837 -29.1062 95.6065
-40.0339 28.486 93.4229
-36.8248 3.2554 97.9009
-42.0312 -27.1155 97.4776
-40.1824 30.5207 94.3547
-35.7666 5.20175 97.4456
-40.959 -25.0147 99.1566
-40.1401 32.5816 95.6145
-34.7223 7.01763 96.8372
-39.7386 -22.988 100.523
-40.4239 35.2385 97.7163
-33.7905 8.84311 96.1775
-38.1841 -20.959 101.602
-39.5175 -48.8509 85.2304
-33.075 10.4625 95.2724
-36.7437 -18.8736 102.495
-39.2028 -47.478 87.5914
-32.595 12.159 95.1845
-35.3399 -16.8574 103.004
-38.8395 -45.8222 89.9494
-32.0648 14.0958 96.2247
-33.8818 -14.6269 103.531
-38.1702 -44.1271 92.164
-31.4433 16.2691 96.7822
-32.4333 -12.643 103.809
-37.4542 -42.2859 94.0573
-30.4527 17.9305 96.6269
-31.0806 -10.4385 103.847
-36.8127 -40.2715 96.3854
-29.5717 20.3021 97.0236
-29.7395 -8.43292 103.579
-36.1222 -38.4569 98.4586
-28.7565 22.817 97.3113
-28.2346 -6.60397 102.505
-35.2525 -36.6122 99.708
-27.9769 25.0485 97.134
-27.0729 -4.65089 102.263
-34.0094 -34.954 100.792
-27.3997 26.3923 97.1468
-26.0202 -2.3084 103.614
-32.1566 -33.0551 102.113
-27.4962 27.6977 98.0226
-25.0277 -0.125011 104.261
-29.5616 -31.4995 103.238
-27.4242 29.3615 98.5647
-23.9435 1.93895 104.108
-28.177 -29.8041 105.752
-27.3139 31.0998 99.7568
-22.9049 3.95988 103.686
-26.5671 -28.0849 107.91
-26.6927 32.8629 100.781
-21.7725 6.02068 103.156
-25.1533 -25.8963 109.756
-26.2687 34.7634 102.98
-20.7393 8.09138 102.447
-23.8263 -23.3114 111.388
-29.5731 -54.5509 95.4966
-19.6462 10.2853 101.514
-22.366 -20.707 112.397
-28.4726 -51.3966 97.9417
-18.6703 12.3548 99.8597
-20.6179 -18.2399 112.875
-27.3624 -47.8243 100.508
-18.0819 14.7994 98.434
-18.5107 -16.0316 112.798
-26.0232 -44.0903 102.992
-17.8565 17.214 97.6718
-17.579 -14.1679 113.435
-24.832 -40.5767 104.491
-17.4909 18.608 96.5848
-18.5834 -12.7987 114.977
-23.3075 -38.6439 105.333
-16.8383 19.149 95.9844
-19.1362 -11.4102 116.592
-22.1513 -38.7739 106.346
-16.385 19.1845 96.4158
-18.5523 -11.8163 117.156
-21.1871 -41.4606 107.733
-14.9527 18.1896 98.6596
-16.1132 -14.3276 116.022
-20.3246 -47.5704 107.138
-12.6798 16.3745 102.055
-13.6367 -16.5106 115.633
-19.4792 -54.7833 105.408
-11.4921 14.2592 105.93
-12.8264 -20.2072 115.455
-12.6125 36.007 109.361
-11.0831 12.166 109.882
-12.0788 -23.5224 117.034
-11.2597 33.1578 106.911
-10.8928 8.78926 112.767
-11.0593 -28.7629 117.425
-10.155 29.9259 104.502
-10.5979 4.64504 118.766
-10.7011 -33.9247 114.481
-9.30348 26.2197 103.502
-11.1268 -0.586386 124.627
-11.5481 -35.1631 114.259
-8.38577 22.9859 104.305
-11.6535 -8.27048 125.647
-11.2953 -42.9483 114.883
-7.21187 21.1344 106.794
-6.21813 -7.43486 119.281
-9.48154 -52.7314 111.771
-6.11206 19.1257 110.913
-6.44703 -18.6568 118.966
-8.27141 -62.7517 109.307
-5.2927 16.2341 115.174
-5.14282 -23.1638 118.213
-3.87876 34.2034 110.321
-4.39412 12.5633 121.022
-4.37096 -29.5312 119.329
-2.70708 30.85 110.431
-3.36662 7.70402 126.306
-3.57786 -35.0574 116.378
-1.29981 27.2919 108.995
-2.41058 1.37095 132.474
-2.32086 -36.4537 115.323
-0.0103678 25.0678 111.003
-0.474316 -9.6393 132.848
-0.762161 -44.2364 116.639
1.37137 22.9999 112.07
0.526389 -15.7899 124.629
1.36832 -53.3611 113.703
2.79218 20.3556 113.482
1.14916 -19.1804 119.448
4.11145 -63.3391 110.936
4.11339 16.4738 115.017
1.53031 -23.5132 117.963
3.83291 33.9952 110.205
5.33577 11.9812 119.207
2.23853 -29.6135 119.407
5.38104 30.1074 108.327
6.49764 6.48649 123.381
3.0374 -35.1498 116.656
7.22136 26.013 105.063
8.61397 -0.189676 126.59
6.62094 -35.9238 115.488
8.19063 22.5968 103.499
10.739 -8.26316 126.765
9.36512 -43.4481 115.561
8.59873 19.9031 103.826
8.6764 -7.80138 119.269
11.7024 -52.6987 111.773
8.98413 16.9075 105.9
7.54997 -18.5038 118.119
14.7472 -61.4977 107.225
10.195 12.8843 107.958
7.83713 -23.2187 117.838
11.2295 32.3654 105.284
11.434 8.21628 110.485
8.42862 -29.3915 118.13
12.4063 29.1985 102.308
12.5003 3.18262 113.466
9.84032 -34.4378 114.202
13.5925 24.8151 98.2433
13.8548 -1.55345 117.903
16.2251 -36.4147 110.085
15.1675 20.3492 95.8066
16.9323 -5.99926 119.113
17.2308 -39.6049 110.704
15.3115 19.3341 96.3147
17.7054 -11.0927 117.409
18.7454 -42.6134 108.815
15.8717 18.5308 97.1854
16.1588 -13.6552 115.502
20.2652 -44.7892 107.613
16.1958 17.6562 97.5089
15.177 -14.3994 114.367
21.6242 -45.9944 106.55
16.7845 17.1449 97.4163
15.0631 -14.5645 113.746
22.4989 -44.2126 105.742
17.9269 18.6205 96.8261
16.7634 -13.1648 113.44
22.917 -41.3223 105.563
17.7614 19.4534 96.0727
18.3019 -10.3588 112.2
23.5689 -39.2781 104.88
18.4837 21.3442 96.529
18.5296 -7.70641 110.626
25.1828 -38.5108 103.679
19.8984 24.0163 96.6657
19.1672 -5.85682 107.923
25.9645 -37.5761 102.215
22.3578 25.4676 97.18
20.8529 -3.82455 104.833
26.0903 -35.9156 102.452
24.232 26.8264 97.7523
21.9079 -1.62862 103.425
25.3289 -34.4365 104.452
25.8827 28.7673 98.0157
22.7921 0.850499 103.698
24.8506 -32.8923 106.42
27.6514 30.4663 98.3989
23.6971 3.06281 102.761
26.092 -29.9458 107.053
29.5595 32.1254 99.0969
24.5899 5.13714 101.179
26.9918 -26.7711 107.889
31.6804 34.342 99.7666
25.3948 7.20581 99.7463
27.7104 -23.7579 107.851
33.5163 37.4808 101.62
26.376 9.23674 98.0625
28.1552 -21.0335 107.151
35.6559 -51.8877 88.9825
27.5827 11.219 96.3886
28.6605 -18.4931 106.238
36.2741 -49.3153 90.2027
28.7765 13.2746 96.0328
29.3335 -15.9548 105.327
36.9149 -46.8332 91.5184
30.0998 15.525 96.3074
29.9074 -13.8727 103.762
37.4757 -44.5548 92.7098
31.1334 17.5662 95.8904
30.8038 -11.8651 101.81
38.1428 -42.519 92.971
32.5131 19.965 95.4305
31.6816 -9.63073 101.118
38.695 -40.3431 93.8699
33.8699 22.0928 95.1074
32.5891 -7.25671 100.162
39.1675 -38.2242 94.6786
35.0661 23.5923 94.3281
33.5035 -5.08251 98.6867
39.5384 -35.9477 95.6065
35.959 24.5992 93.3831
34.0381 -2.34459 99.6709
39.878 -33.6426 96.0816
38.1289 25.3131 94.2014
34.7092 -0.0810043 98.6926
40.1466 -31.229 96.1382
39.0514 27.6404 93.562
35.454 2.0967 97.4589
40.3565 -28.7096 96.3014
40.1909 30.258 92.9953
36.3412 4.35333 96.0733
40.6984 -26.2888 95.9256
41.7794 32.1912 92.8681
37.0691 6.43941 94.5067
41.0678 -23.9412 95.1512
43.1299 34.0388 92.8692
37.8771 8.4135 92.8135
41.5389 -21.6151 94.3282
44.8669 36.5681 92.6593
38.8176 10.3127 90.6679
42.0072 -19.314 93.7416
44.0204 -45.8409 77.7833
39.9244 12.2515 89.3095
42.5048 -17.0615 93.3284
44.4854 -43.7645 78.8705
40.9953 14.3642 88.8931
43.0333 -14.7544 93.2558
44.9384 -41.8392 79.4315
41.7803 16.5765 88.4815
43.6192 -12.451 92.7891
45.2476 -39.7343 80.4358
42.1007 18.7603 87.5988
44.153 -10.2145 92.1585
45.7446 -37.8091 80.4523
41.4756 20.7488 87.0389
44.6877 -8.15889 90.9313
46.1031 -35.8291 80.7639
41.5129 21.6149 86.9127
45.304 -5.93036 89.7656
46.397 -33.778 81.2393
42.6188 21.8697 86.2624
45.6805 -3.24669 90.4229
46.8384 -31.7691 81.3521
44.2191 23.5707 84.7901
46.071 -0.905845 90.092
47.3856 -29.8536 80.8713
45.0919 25.6599 84.6033
46.3395 1.31323 89.2856
47.8146 -27.8053 80.7238
46.4316 27.2163 84.6642
46.6171 3.49661 88.1757
48.2592 -25.7473 80.5665
47.6606 28.6015 84.1507
46.8027 5.55229 86.5183
48.8721 -23.8288 80.0865
48.6214 30.0056 83.7465
46.931 7.4896 84.8059
49.4784 -21.8581 79.6122
49.6099 31.3412 82.9038
47.0505 9.3317 82.9653
49.962 -19.7785 79.455
50.3236 32.6837 82.131
47.1906 11.208 81.4521
50.5771 -17.7826 79.0242
49.102 -40.1543 71.9719
47.3491 13.1044 80.3457
51.3183 -15.7016 78.4103
49.4516 -38.7489 72.1403
47.496 14.9522 79.3896
51.917 -13.3772 78.1064
49.9013 -37.3641 72.025
47.6277 16.6747 78.9335
52.5829 -11.2898 77.0419
50.4846 -35.9213 71.6145
47.798 18.491 78.4554
53.2179 -9.23286 75.8654
51.0227 -34.4305 71.2957
48.0997 20.1112 78.4381
53.6625 -6.88016 75.2246
51.7338 -32.9193 70.6382
48.744 21.6895 78.3297
54.0708 -4.47117 75.1238
52.525 -31.3378 69.7797
-63.1375 -15.71 -7.43924
-67.2568 -8.22276 -7.37103
-64.8483 -13.2134 -5.22715
-62.5204 -17.8871 -4.47114
-61.0482 -21.9018 -4.01705
-60.0374 -24.6597 -3.66525
-59.5529 -26.1854 -3.23336
-60.0712 -25.0446 -2.2732
-60.7329 -23.1767 -1.254
-61.5465 -20.5392 -0.216786
-64.3597 -15.1748 0.776876
-68.6273 -8.98367 -0.373686
-72.5589 -2.25101 -3.84594
-75.6134 5.50823 -8.03918
-60.9241 -21.7297 2.73913
-66.5083 -12.5975 2.81417
-72.9467 -2.54682 -2.17831
-58.6773 -31.3352 2.60137
-62.1208 -18.5942 5.13563
-70.3112 -7.50783 1.62628
-76.6825 5.0715 -5.27264
-60.1705 -22.171 6.75674
-68.8921 -10.0296 3.9559
-76.802 4.16747 -3.83731
-59.7914 -23.163 8.19287
-70.1187 -8.69768 3.79106
-78.6652 9.082 -4.83754
-62.2351 -19.0557 9.1746
-74.3692 -2.47369 0.523414
-58.6602 -31.6791 8.91002
-66.992 -13.6488 7.81082
-78.8232 6.70111 -2.73392
-60.6924 -21.7225 11.0528
-74.4019 -3.60387 1.43106
-58.6387 -32.4943 11.0127
-67.8317 -13.3947 8.49314
-80.4612 11.4024 -3.68576
-63.4214 -19.1381 12.1392
-78.5534 2.34641 -1.84112
-60.0445 -25.4282 13.5177
-74.2722 -5.82183 2.39465
-58.8092 -33.6633 13.7004
-68.9485 -13.472 8.97639
-80.9345 17.0492 -3.27314
-66.2945 -16.7479 12.5793
-82.4457 13.0673 -5.0553
-64.3292 -19.4575 14.6462
-82.4364 7.73742 -5.5206
-62.7058 -21.9824 16.1162
-82.1987 1.79447 -5.12815
-61.5241 -24.6054 17.0361
-81.2061 -2.9276 -4.00667
-61.2371 -27.1259 17.7398
-80.362 -6.38722 -2.66825
-61.0629 -29.1487 18.4001
-79.9674 -8.57722 -1.85278
-61.0516 -30.3544 19.0347
-80.5675 -9.77772 -1.37732
-61.1861 -30.6131 19.6662
-82.1866 -9.98244 -1.78155
-61.5262 -29.9596 20.2741
-84.3699 -8.87397 -2.68977
-62.0553 -28.3618 20.8472
-86.0926 -5.2794 -4.92623
-62.7687 -26.0592 21.3815
-87.8245 2.62423 -7.32513
-63.635 -23.7677 21.617
-88.8075 13.9764 -8.47093
-64.6831 -22.0732 21.177
-86.6551 23.4847 -5.79228
-66.0909 -20.4197 20.6962
-82.276 25.9783 0.0629776
-68.2586 -20.8486 18.9298
-79.4408 25.5552 5.06425
-74.4684 -20.7984 13.1438
-60.5164 -38.3261 25.245
-82.9472 -13.3044 3.44464
-62.6037 -30.1149 25.0903
-84.0228 9.65182 -4.23691
-64.3838 -23.5166 24.3282
-85.6339 28.0023 0.268019
-66.8661 -20.7253 22.5096
-78.6784 26.135 7.87302
-75.3981 -20.9729 16.6328
-60.9029 -38.2668 27.8512
-82.6927 -6.18167 2.83816
-63.5829 -27.0363 26.6587
-83.4904 24.9832 1.13063
-65.8382 -20.7964 25.0107
-78.0693 26.1674 9.96432
-73.646 -19.4609 19.4846
-60.929 -38.8959 29.8568
-77.8489 -1.15779 4.92738
-63.965 -25.8797 27.8751
-83.2814 26.8956 8.23917
-66.4101 -20.3923 24.3062
-74.2328 30.9475 17.2045
-75.7566 -12.391 15.7798
-62.3613 -33.0414 30.7632
-75.5162 18.0367 6.76927
-65.2291 -20.7073 28.1307
-74.1324 27.5835 16.317
-70.9234 -14.6108 20.0106
-61.6651 -36.1693 32.7352
-73.3469 14.1245 9.69401
-64.9826 -21.0914 29.6758
-72.7283 27.7591 18.9948
-69.9413 -12.9153 20.8452
-61.7821 -35.6013 34.0092
-74.132 15.1792 12.4269
-65.1517 -19.4967 30.4365
-71.1344 30.8014 24.3022
-72.1424 -7.6169 21.8208
-62.6066 -31.6387 34.4271
-73.6423 19.3155 16.6995
-65.6147 -16.1911 29.5961
-69.0036 36.9655 31.399
-69.3545 4.16492 19.4788
-63.9159 -25.2059 34.1703
-69.9061 25.6381 24.3786
-66.8469 -10.6683 26.1716
-61.1768 -37.1911 38.0746
-69.9286 15.4339 19.3231
-65.2075 -17.1487 34.0927
-67.5831 35.9736 34.778
-68.297 3.74275 24.0661
-63.5707 -25.6047 36.8485
-68.0313 28.2817 30.7656
-66.7775 -6.40795 27.4785
-61.8703 -33.2622 39.5145
-67.533 21.9538 28.5509
-65.4576 -11.5409 32.5557
-59.7559 -40.9881 42.2552
-66.6741 16.2594 28.3985
-64.9531 -16.0345 37.2863
-65.0284 40.6277 43.7888
-65.389 10.3761 29.0808
-64.0662 -20.6352 39.1773
-64.9782 35.7068 41.4465
-65.2358 4.97874 30.7975
-63.1012 -24.749 40.7051
-64.814 31.6433 39.6483
-65.3348 0.487251 32.4569
-62.2299 -28.3586 42.3605
-64.6101 28.5267 38.9391
-65.2647 -2.64243 35.27
-61.4958 -31.4441 43.9051
-64.211 27.5849 39.9204
-65.0928 -3.3241 37.1173
-61.1456 -32.2788 44.9035
-63.8071 27.3339 41.3361
-64.9986 -3.31825 38.5206
-60.9248 -32.325 45.7471
-63.3406 27.7488 43.097
-64.8664 -2.61215 39.4936
-60.9192 -31.6349 46.3862
-62.7903 29.4545 45.5011
-64.7466 -0.442785 40.1542
-61.2703 -29.5002 46.6797
-62.2663 31.3976 48.972
-64.6595 1.76066 41.1784
-61.4506 -27.4631 46.9777
-61.6445 33.1732 51.8343
-64.5515 3.98851 42.7063
-61.7195 -25.4677 47.2829
-60.9193 34.7639 54.1055
-64.4056 6.22012 44.6299
-61.8674 -23.5203 47.6018
-60.1608 36.3084 56.4828
-64.1471 8.32204 46.2789
-62.0938 -21.6413 47.9495
-59.4468 37.8073 58.7668
-63.7979 10.3916 48.1388
-62.2525 -19.7817 48.2928
-58.7288 39.3064 61.3562
-63.3814 12.3129 49.7647
-62.3734 -17.8471 49.0712
-57.9311 40.6479 63.9128
-62.7722 13.9758 50.532
-62.4274 -15.8052 50.2774
-57.1032 41.7943 66.0227
-62.0797 15.5186 51.0815
-62.4637 -13.855 51.2203
-55.7707 -42.4795 56.6169
-61.4381 17.2856 53.0019
-62.4331 -11.7778 52.7203
-56.3991 -40.2471 56.6752
-60.7693 18.9274 54.5919
-62.3536 -9.91089 53.3363
-56.9262 -38.1146 56.8748
-60.1744 20.7791 57.4342
-62.1926 -8.07751 53.7826
-57.346 -36.0717 57.1474
-59.5359 22.5202 60.1475
-62.0546 -6.09707 54.9465
-57.6891 -34.0613 57.4424
-58.8534 23.9684 61.664
-61.9041 -4.11242 56.1599
-58.0039 -32.1231 57.7814
-58.1737 25.3827 63.1833
-61.7163 -2.10099 57.6385
-58.2651 -30.2447 58.1946
-57.4571 26.7144 64.8941
-61.4698 -0.14862 58.874
-58.4662 -28.3115 58.8249
-56.7918 28.0625 67.2628
-61.1748 1.8377 60.3934
-58.7013 -26.4381 59.5519
-56.1968 29.3864 69.6225
-60.7895 3.81088 61.9101
-58.8425 -24.5724 60.3661
-55.5931 30.6265 71.6581
-60.2689 5.79846 63.5978
-58.941 -22.7775 61.2092
-54.9616 31.7434 73.535
-59.7037 7.73673 65.2873
-59.0174 -20.9653 62.1931
-54.3654 32.8125 75.3384
-58.9873 9.55038 66.5981
-59.0227 -19.1045 63.4687
-53.7576 33.7142 77.0229
-58.0902 11.0655 66.8586
-59.0309 -17.2561 64.7541
-53.1408 34.5765 78.8905
-57.1923 12.6407 67.4976
-58.9604 -15.4015 66.0654
-51.9553 -39.7241 67.3427
-56.2189 14.3568 69.3313
-58.7604 -13.4602 67.6827
-52.4467 -38.1688 67.7079
-55.2416 15.8834 70.683
-58.5549 -11.5957 69.0381
-52.9235 -36.7519 67.8372
-54.2269 17.2705 71.7486
-58.3751 -9.68301 70.6339
-53.2497 -35.2959 68.1713
-53.27 18.6651 72.799
-58.1403 -7.77524 72.2029
-53.4943 -33.9012 68.5321
-52.3951 19.9676 74.1789
-57.9065 -5.89081 73.4667
-53.7066 -32.5137 68.9719
-51.4921 21.2666 75.7823
-57.5675 -3.99858 74.6824
-53.8243 -31 69.7642
-50.8878 22.5189 77.1378
-57.0194 -2.00728 76.1627
-53.9645 -29.4578 70.5603
-50.5649 23.8548 78.118
-56.3181 -0.0450992 77.519
-53.9991 -27.955 71.4983
49.8801 24.9179 78.3884
54.0108 0.78164 75.8703
53.6366 -27.354 69.3488
50.6101 26.3362 77.9248
54.1691 2.8943 74.4331
54.3258 -25.5093 68.6941
51.216 27.7062 77.416
54.2138 5.17506 73.8211
54.968 -23.587 68.065
51.7408 29.0564 76.4887
54.2971 7.32077 72.5818
55.6269 -21.6643 67.0712
52.045 30.3785 75.9418
54.2803 9.5015 71.8241
56.1199 -19.4767 66.4388
52.1198 31.9947 76.132
54.4384 11.567 70.7209
56.5327 -17.3548 65.2893
51.5893 -39.7095 67.5576
54.5374 13.5753 69.6965
56.7748 -15.0021 64.8822
52.5306 -38.6774 66.34
54.7448 15.4961 68.683
57.1755 -12.9397 63.2695
53.5732 -37.6136 64.5684
54.9662 17.2741 67.5579
57.5074 -10.7695 61.9402
54.3664 -36.1574 63.73
55.2223 18.9792 66.5332
57.9475 -8.78799 60.1331
55.2243 -34.7571 62.3007
55.3721 20.8438 65.9453
58.3561 -6.69192 58.796
56.1031 -33.1893 60.8812
55.5819 22.7065 65.3909
58.655 -4.38865 58.0572
56.8777 -31.4842 59.3489
55.7542 24.5038 64.6516
59.0062 -2.10814 57.3685
57.6218 -29.6339 58.2109
55.7119 26.5375 64.6241
59.3672 0.160214 56.5399
58.3048 -27.7368 57.0858
55.711 28.5173 64.5477
59.7447 2.31636 54.9553
58.7896 -25.8108 55.844
55.5955 30.5922 64.7609
60.0213 4.6321 53.9347
59.2872 -23.8626 54.5746
55.4673 32.5795 64.6373
60.2223 7.01347 53.2411
59.6175 -21.8283 53.2266
55.2467 34.7032 64.9936
60.4098 9.35966 52.3664
59.8823 -19.7097 52.2594
54.9915 36.9704 65.6936
60.4748 11.653 51.4916
60.2708 -17.758 50.5012
54.8362 39.2505 66.4369
60.5128 13.877 50.5579
60.5251 -15.5625 49.6618
55.7729 -42.5783 57.0057
60.5062 16.04 49.6623
60.9059 -13.4251 48.6266
56.7906 -40.8145 55.346
60.4492 18.2154 48.7157
61.1942 -11.3454 47.0642
57.6905 -38.9874 53.76
60.4395 20.5081 48.5512
61.4925 -9.23909 45.4626
58.5104 -37.0886 52.2224
60.5142 22.6074 47.5952
61.8174 -7.03 44.1261
59.2388 -35.1138 50.6874
60.4432 24.9471 47.8923
62.1911 -4.80537 42.6897
59.8456 -33.0766 49.1681
60.396 27.3205 48.3786
62.5709 -2.5451 41.1945
60.3536 -31.0308 47.6755
60.3616 29.6868 48.8289
62.9213 -0.137776 39.8381
60.8662 -28.9894 46.2001
60.3481 32.0837 49.3025
63.2843 2.41428 38.6517
61.3353 -26.9329 44.7481
60.3478 34.5159 49.8748
63.5487 5.02636 37.5504
61.6539 -24.8708 43.3061
60.4071 36.9261 50.3439
63.7577 7.64407 36.5251
61.9721 -22.8311 41.8582
60.4831 39.2966 50.6198
63.9142 10.3034 35.5869
62.3028 -20.8468 40.3635
60.6085 41.7705 51.0758
64.0949 12.9308 34.6559
62.6195 -18.8827 38.9189
60.9947 42.9766 50.4571
64.351 14.0069 33.566
62.9112 -18.1966 37.9151
61.4876 43.4964 49.3764
64.6012 14.3117 32.2142
63.0624 -18.1597 37.0705
62.0624 43.2743 47.7958
64.7493 13.8235 30.6282
63.1725 -18.797 36.457
62.7473 42.3344 45.6265
64.8294 12.5098 28.8001
63.1928 -20.0812 36.041
63.6396 39.2477 42.2621
64.6801 8.673 27.4143
62.983 -23.2464 36.2718
64.6079 35.4831 38.5892
64.9969 3.65842 26.8296
62.7582 -27.2035 36.7281
65.7549 30.9817 34.1932
65.4668 -2.8013 27.1233
62.2612 -32.1288 37.5864
66.826 25.7118 29.0034
65.0925 -9.85127 27.4012
61.2192 -38.3494 38.8202
67.2589 19.7069 23.7142
64.2558 -15.6465 29.6689
65.7783 42.7847 37.8639
66.9953 12.0757 20.6817
63.7266 -21.7725 31.9787
67.4383 35.2569 31.8551
68.5337 1.41132 21.86
63.0621 -28.8612 33.4526
69.1457 25.7488 23.0227
65.7055 -12.0279 24.2028
61.2722 -39.7869 36.1776
71.261 14.9505 16.639
64.1914 -20.4295 29.0433
69.3513 34.1047 26.8743
70.3801 -2.61934 18.6799
62.9574 -30.6313 31.887
73.0605 23.0873 16.9446
65.4968 -15.9271 24.9675
60.2585 -44.9349 35.4641
69.8003 7.27614 13.7239
63.6391 -25.4817 29.0235
72.8223 26.9386 17.0448
66.786 -14.3404 21.6289
61.4679 -40.1516 32.7362
72.8462 12.7264 11.0916
64.0509 -23.494 27.7886
73.7661 28.1089 15.5285
68.4874 -15.1058 19.6874
61.7147 -38.9379 31.1689
74.0037 13.1902 8.54527
64.063 -23.849 27.1066
76.5494 27.5634 12.939
69.2141 -17.345 21.0163
60.8725 -43.267 30.7637
73.1787 -0.585287 6.44585
63.1343 -28.4067 27.0394
83.4285 28.0393 7.88214
65.8412 -20.6578 23.9451
75.2903 31.4087 13.1222
75.3547 -14.544 14.0577
62.1981 -35.174 27.5301
80.4055 13.2905 1.99343
64.0603 -24.3374 25.2887
82.1692 30.1125 6.83975
67.374 -21.909 21.9172
76.4657 32.1001 10.9731
79.0363 -15.3965 9.36917
62.1465 -34.4726 25.9637
83.412 7.98301 -1.95009
63.7506 -25.4434 24.3876
86.5282 29.7525 -0.280394
66.18 -20.8845 22.4597
79.3745 27.3573 5.44562
72.7837 -21.7535 16.0661
60.791 -41.4529 24.9911
82.097 -13.8354 3.71619
62.1521 -32.4862 23.9156
85.6006 3.60363 -5.12556
63.5913 -25.8487 22.9155
88.0116 20.5098 -7.89759
64.9807 -22.4154 21.541
85.014 27.3173 -3.45125
66.3023 -20.1635 20.3776
81.8285 26.9548 0.548344
68.0186 -19.6849 18.0206
80.202 26.172 2.18086
70.2217 -18.7677 13.9691
80.0059 27.6551 2.42626
72.7343 -17.2142 9.8477
60.2355 -39.653 20.694
74.9121 -15.0882 6.69922
60.4604 -37.3299 20.1413
75.9504 -13.2011 4.81083
60.5661 -36.0493 19.5574
75.8745 -11.8567 4.42445
60.469 -35.7472 18.9569
74.7675 -11.3593 5.29413
60.156 -36.437 18.3148
73.0369 -11.8591 7.38449
59.6057 -38.1138 17.5867
71.0095 -13.3434 10.1029
80.7587 24.1344 -1.30234
68.742 -14.5357 12.9213
81.3842 20.9811 -2.4825
67.1495 -16.1866 14.429
82.8511 17.4395 -3.82104
65.3226 -18.4687 15.1782
82.0184 11.0591 -2.61943
62.9175 -21.903 15.4823
79.2098 2.49253 0.424102
60.6902 -27.4482 14.7995
73.9435 -5.03374 5.3404
59.0712 -35.799 13.1284
68.2948 -12.9746 11.1283
81.1897 14.9281 -2.57112
64.3501 -18.3902 13.2008
78.2992 4.6503 1.1178
60.22 -26.16 12.7675
71.8016 -6.79116 6.63763
80.5706 17.1052 -4.31427
65.7198 -15.6077 11.1715
77.9836 5.40103 0.877845
60.0382 -24.9811 11.3959
70.7894 -7.52603 6.67154
79.5797 12.6268 -3.28164
63.2344 -18.1987 10.3876
74.4585 -0.689036 2.70071
58.7477 -32.8602 7.31595
64.7732 -15.7021 8.98423
73.9551 -1.02682 2.22752
58.5359 -33.1616 5.72389
63.356 -17.1871 8.01058
71.7175 -4.46866 3.15826
77.0963 7.88798 -3.94204
60.5586 -21.9222 6.17828
67.7717 -10.3997 4.99014
73.4741 -0.389718 -0.231993
76.6747 8.86315 -5.99628
61.0123 -20.7223 4.01943
66.3852 -11.8736 3.56451
70.5994 -4.83514 0.513476
73.2381 0.694583 -2.99283
74.346 4.14539 -5.69799
59.575 -25.4426 0.177949
60.5142 -22.2298 0.0757004
61.0375 -20.5744 -0.391323
60.5135 -21.877 -1.31182
59.6541 -23.8289 -2.36282
70.716 -1.38447 -5.95828
67.7829 -6.68194 -4.58287
63.0494 -14.8973 -4.29385
63.8895 -12.7382 -5.87293
-54.154 39.4906 73.87
-51.9891 33.8838 83.4297
-54.4807 42.8303 72.3624
-51.6204 35.301 83.9568
-53.4308 43.8358 75.0309
-50.9746 34.5113 86.4254
-51.0824 41.3653 81.6052
-52.1936 47.6226 77.7794
-49.6878 35.4374 89.3872
-48.8575 39.2864 88.9744
-48.0957 43.0002 87.5709
-47.2414 44.7432 88.2841
-46.0986 45.705 89.7086
-44.8964 46.6971 91.1761
-43.4738 45.9899 93.9489
-42.2895 44.2491 96.6319
-40.7859 39.5689 98.4307
-39.2635 55.8216 94.3452
-36.4121 49.7862 99.9452
-34.5597 42.1604 102.987
-32.6178 58.4213 99.7307
-29.4349 50.5017 105.809
-25.8499 39.6464 105.861
-23.8679 53.8815 108.038
-19.1061 40.726 110.125
-17.8594 55.8016 109.807
-13.3939 42.401 112.955
-11.6582 58.0456 110.903
-7.96803 43.7145 113.811
-5.22731 60.4065 111.862
-2.18912 45.0416 114.536
1.49522 62.4204 111.218
3.58754 46.092 114.395
8.59038 64.0261 109.54
9.88597 48.0003 113.74
11.2066 36.9882 109.915
16.2176 50.5751 112.148
17.3343 38.1844 109.612
22.8897 52.6982 108.688
24.4948 39.7305 106.099
28.8645 53.7203 103.214
31.0365 43.935 104.029
35.1975 58.3837 94.4571
35.6321 50.8609 97.7474
37.7624 44.1729 98.9817
42.215 56.9808 86.7032
42.7065 52.8538 88.1324
43.4684 49.8914 88.3221
44.5228 47.011 88.0609
45.7347 45.987 86.4346
46.955 45.8403 84.2075
48.3866 46.4379 80.9379
50.9512 49.3481 74.9627
48.9564 35.6032 85.6283
49.6261 39.3826 80.4589
52.38 45.4626 72.4277
50.5815 34.409 81.0828
52.2478 41.7807 73.178
50.9276 33.0907 80.4759
53.2099 40.8336 70.7625
51.722 33.4511 77.1443
-51.1928 -39.7598 68.761
-59.6642 -44.0092 35.8195
-58.3722 -33.2714 5.43901
-58.229 -45.3919 43.5046
-58.0634 -36.8092 11.9283
-56.952 -46.136 48.5613
-58.084 -39.6491 16.122
-56.0758 -46.6975 51.2715
-58.1085 -41.6541 18.2878
-55.2869 -47.2759 53.2217
-57.8677 -43.2273 19.7429
-55.0861 -48.2548 52.7018
-57.5282 -43.9789 18.9787
-55.4533 -49.6386 49.6757
-57.1689 -43.8018 15.9027
-56.2023 -50.9969 44.0739
-48.7648 -43.0263 71.0264
-56.7885 -51.7573 37.5439
-50.4649 -47.9483 63.4932
-56.8375 -51.1194 28.5677
-52.9735 -52.2 54.0132
-47.4031 -42.8461 74.4184
-54.9272 -54.7852 41.6588
-49.2754 -50.3815 63.5419
-55.4687 -54.0224 28.0803
-52.4507 -55.802 49.9023
-47.0779 -49.2877 68.4759
-54.3945 -56.8453 32.6064
-51.0991 -57.3122 51.418
-46.1663 -50.9002 68.6314
-53.2174 -58.7015 32.0049
-50.3067 -59.4373 49.4651
-45.892 -54.6871 65.345
-43.8096 -46.519 78.2959
-49.9481 -61.7845 43.7913
-46.5601 -59.7507 58.6246
-43.1814 -53.4118 72.1969
-49.8659 -63.7194 33.7662
-47.24 -63.9378 47.5483
-44.2622 -61.9976 59.8761
-41.5541 -57.2181 70.9713
-40.2778 -51.3535 80.3243
-45.4006 -66.9288 42.8486
-43.0972 -66.285 53.8289
-40.6316 -64.1618 64.5881
-38.7452 -59.66 74.1769
-37.8198 -54.3998 82.0802
-42.0692 -70.4607 43.18
-39.7647 -70.0596 51.6598
-38.0287 -69.3752 59.8542
-36.571 -68.0133 67.9701
-35.3786 -65.1915 75.0217
-34.5505 -61.6884 80.9658
-34.0244 -57.3138 86.7187
-36.029 -75.7309 46.4488
-33.9067 -75.0867 53.0371
-32.3638 -74.9996 58.4283
-31.4064 -75.0262 63.9601
-30.6442 -74.9818 69.459
-30.0313 -74.6953 73.9994
-29.4375 -73.7224 78.552
-28.948 -71.8167 83.2488
-28.3364 -69.9408 86.9575
-27.3667 -67.5641 90.6101
-26.2548 -64.6183 93.4929
-24.9529 -60.9532 96.9613
-22.7324 -83.8557 52.9974
-21.1478 -83.4654 55.8491
-19.8004 -83.5942 57.8879
-18.5377 -83.883 60.0606
-17.3185 -84.3611 62.2535
-16.2477 -84.8734 64.3981
-15.0335 -85.3498 66.8593
-13.7751 -85.8674 68.2168
-12.4087 -86.341 69.5303
-10.9819 -86.7968 70.9167
-9.45792 -87.1249 72.2999
-7.95886 -87.4027 73.7306
-6.42813 -87.5751 75.1371
-4.85003 -87.6921 76.6221
-3.19351 -87.7152 78.0312
-1.51858 -87.7276 79.5347
0.186359 -87.6549 80.9835
1.90656 -87.5644 82.4475
3.64734 -87.345 83.7894
5.4169 -87.0509 85.1518
7.15669 -86.5839 86.3112
8.98718 -86.1008 87.4896
10.8888 -85.4458 88.4834
12.879 -84.5648 89.354
14.7903 -83.4312 90.1044
16.6617 -82.081 90.8656
18.2708 -80.4731 91.5153
19.843 -78.476 92.0734
21.196 -76.3758 92.6361
22.3238 -73.9137 93.9779
22.9711 -70.1988 95.2772
23.3003 -66.5369 96.9057
23.589 -62.9887 98.5941
24.1423 -59.8953 99.2467
24.3858 -84.7356 53.1252
25.6527 -83.4669 54.7129
26.9927 -82.3436 56.3976
28.2716 -81.2794 58.058
29.5525 -80.0762 60.6963
30.672 -78.8033 63.4194
31.7801 -77.4391 66.1002
32.8541 -75.4557 69.8168
33.7458 -72.8183 73.4786
34.2629 -69.2041 76.8696
34.4406 -64.2268 81.027
34.6046 -59.2484 84.5216
35.0367 -54.6633 87.6114
38.1354 -75.9382 49.2338
38.403 -73.6625 54.5877
38.8609 -71.4352 59.6581
39.332 -68.9134 64.5341
39.1071 -64.3025 70.992
38.8442 -58.1541 77.3079
39.022 -52.495 81.6681
43.8867 -71.3018 45.948
43.7343 -68.7407 52.9656
43.2767 -65.4886 60.248
42.2547 -59.7447 69.0994
41.5326 -53.0981 76.2879
47.8584 -68.8639 39.6337
47.4279 -66.4922 48.5071
46.3239 -62.6636 57.7556
44.7518 -56.2245 67.9046
43.5771 -48.77 76.1992
50.4837 -65.1273 42.1304
49.036 -61.5145 54.0415
46.4412 -54.1491 66.5433
52.8704 -63.4809 29.4682
52.2041 -62.2863 43.8291
49.6242 -56.9563 58.1358
46.403 -47.9645 71.7738
54.1832 -61.041 37.1058
51.8456 -57.3296 53.2268
47.9138 -48.3055 68.6052
55.5495 -59.089 34.0285
53.0939 -55.9819 51.6184
48.5706 -46.7828 68.6635
56.4613 -57.2125 34.4438
53.447 -53.5283 53.5105
48.2081 -43.0307 72.038
56.6823 -55.3916 39.8429
51.6711 -48.1682 61.7664
57.9733 -53.1706 27.3634
55.3795 -51.8882 50.0232
57.3597 -48.5683 16.7229
57.5507 -52.4978 40.7137
51.0293 -44.0495 66.1033
58.8525 -51.1882 32.3744
53.2964 -45.8399 60.3489
59.2652 -49.0135 26.8883
55.2034 -46.8984 55.4018
59.1276 -46.6059 22.6284
56.1665 -46.8387 52.5968
59.0925 -44.7621 20.5856
56.487 -46.0842 52.2956
59.343 -43.7326 20.6142
56.13 -44.7308 54.4394
59.9169 -43.5169 22.581
54.9853 -42.7874 58.8038
60.4916 -43.9092 26.4212
-77.1208 -6.01372 8.85486
-73.2408 -8.63773 20.8996
-72.0297 -7.72559 21.8874
-70.8934 -15.2356 20.241
-69.8959 -18.2341 22.6778
-69.3113 -17.5904 22.6257
-69.2288 -12.3762 21.6006
-69.059 -3.71315 22.8176
-69.972 16.3875 19.7281
-67.3736 -18.3466 23.8714
-67.6462 -5.47082 25.2581
-68.6171 8.5042 17.636
-68.2744 21.7117 25.9486
-67.5722 22.8466 29.0129
-64.1942 -7.80116 43.3302
-62.7286 -12.4257 50.6535
-63.6967 5.50101 48.7268
-64.9377 27.2692 37.7437
-62.8792 6.36276 52.8158
-60.5448 -16.8369 57.8911
-63.0101 13.36 50.7733
-60.5579 -7.94129 62.0063
-63.0421 20.277 45.4995
-60.6122 0.171986 63.0739
-63.0452 29.6722 44.7391
-60.5431 6.74316 62.368
-58.4907 -15.3425 68.1232
-61.3212 18.7959 52.5867
-58.6898 -3.44046 71.3929
-61.9908 32.9897 50.604
-59.4897 9.67402 65.4627
-57.3216 -11.8073 73.0948
-60.852 27.8342 52.9341
-58.4842 7.58637 68.585
-56.5238 -14.0972 74.8389
-60.3006 29.3237 55.0009
-57.9313 8.73537 68.6797
-55.9475 -12.3121 77.4213
-60.0891 34.0987 56.8312
-57.7372 12.6898 66.4008
-55.6392 -7.23785 80.1727
-54.2964 -34.0243 66.5415
-58.027 20.0724 64.4692
-55.7363 0.0822274 78.7527
-54.0698 -24.1928 73.6
-58.465 30.6684 62.1756
-56.1194 9.47135 71.6899
-54.1298 -10.8805 82.6922
-52.8607 -38.4542 66.5966
-56.9316 22.2113 66.8539
-54.6523 1.80813 78.7899
-53.0315 -21.2249 78.3331
-57.8222 38.0249 63.6703
-55.6411 16.2548 69.8651
-53.4727 -4.52213 84.025
-52.0019 -29.8432 74.9225
-56.9876 35.3014 66.5391
-54.7761 13.5698 72.5363
-52.6393 -7.2977 85.7621
-51.2323 -33.4612 73.7797
-56.0511 32.1371 70.0305
-53.8968 10.509 75.8765
-51.7423 -11.2344 87.1041
-50.4125 -38.5781 71.4292
-55.191 29.9636 72.9288
-53.107 8.4108 78.5463
-50.978 -13.6657 87.9656
-49.5909 -43.9194 68.4858
-54.5443 29.822 75.0268
-52.5071 8.14271 79.6249
-50.4175 -13.3771 88.9212
-48.9889 -44.1265 69.5839
-54.0202 30.7086 76.8153
-52.0043 8.77594 79.8743
-49.9549 -11.9678 90.0912
-48.2931 -46.624 68.7028
-53.3082 29.9953 78.7537
-51.3789 8.0748 81.4309
-49.3522 -12.2568 90.8751
-47.5111 -49.8978 67.0306
-52.5689 29.0423 79.4211
-50.7451 7.37713 82.9882
-48.7225 -13.0739 91.6974
-46.8568 -50.9702 67.0678
-51.9666 29.299 80.7744
-50.1969 7.53029 83.504
-48.174 -12.8297 92.4742
-46.3724 -48.808 70.3533
-51.7485 33.148 84.2057
-49.9368 10.4301 81.8223
-47.9262 -9.40738 93.2367
-46.344 -34.3078 85.1403
-51.7513 38.4655 81.1247
-49.8151 15.6437 78.401
-47.847 -4.00211 91.1299
-46.0975 -26.5447 91.053
-44.8368 -58.0876 64.3886
-50.1194 29.1894 82.9306
-48.5219 7.54088 85.4458
-46.5066 -12.7224 94.4403
-44.9832 -37.9821 85.4692
-51.0258 42.7025 80.9102
-48.9991 19.9971 78.5585
-47.2048 0.23408 90.7154
-45.2926 -21.2848 94.133
-43.9336 -50.2926 74.2289
-49.749 36.7024 88.9932
-47.9665 13.3714 82.3448
-46.0415 -6.18485 94.8404
-44.2261 -28.9353 93.599
-50.662 50.975 79.7667
-48.3997 29.1068 84.9358
-46.8745 7.55676 87.3957
-44.8704 -12.684 96.1421
-43.2288 -36.9406 90.2477
-49.6449 45.8159 83.3333
-47.461 21.6057 80.8037
-45.7009 1.57687 91.3651
-43.7642 -19.4455 96.4725
-42.2934 -46.8016 81.3761
-48.5592 40.8806 88.3151
-46.5629 16.6945 82.4558
-44.6945 -3.04605 94.065
-42.8722 -24.6461 96.9255
-41.3941 -54.6681 74.1419
-47.3429 36.257 92.2994
-45.7376 13.1847 85.8049
-43.8436 -6.57848 96.8333
-42.0096 -28.907 96.8422
-40.4937 -60.7414 69.212
-46.5321 32.9559 91.0091
-44.9339 10.3955 87.4746
-43.0212 -9.44607 97.8271
-41.2552 -32.2373 96.3643
-47.8946 50.8382 84.7882
-45.6876 29.4361 88.6603
-44.1332 7.71323 89.5901
-42.2038 -12.4274 98.3301
-40.4864 -35.7638 95.2281
-47.2148 49.5262 86.2915
-45.0801 27.8464 88.15
-43.4968 6.53063 91.2473
-41.5492 -13.8248 98.875
-39.8454 -37.4131 95.02
-46.6289 49.1736 87.2448
-44.5205 27.3739 88.1747
-42.9279 6.19727 91.9389
-40.9871 -14.2009 99.2893
-39.2768 -37.8227 95.3063
-46.0982 49.3123 87.9693
-43.9966 27.5278 88.8032
-42.3991 6.31123 92.261
-40.4727 -14.064 99.6499
-38.7487 -37.5879 95.9296
-45.7267 50.9473 88.2051
-43.5565 29.4414 90.7024
-41.9935 7.78949 91.5859
-40.1019 -12.3629 99.9718
-38.3781 -35.386 97.8213
-45.3318 52.518 88.1681
-43.1459 31.2907 92.2438
-41.5855 9.28582 90.9969
-39.7197 -10.74 99.9704
-37.9812 -33.3318 99.1501
-36.1662 -65.4921 73.1263
-42.906 34.4732 95.357
-41.2509 11.807 90.294
-39.4404 -8.12581 99.756
-37.6738 -30.0847 100.951
-35.8965 -59.6563 80.2231
-42.7343 38.888 97.1083
-41.0606 16.3934 92.0598
-39.2772 -4.20449 98.4103
-37.4758 -25.3569 102.372
-35.7159 -52.3868 88.5704
-42.8239 43.9801 96.0926
-40.9178 21.1391 89.5198
-39.2913 0.802416 97.244
-37.3614 -20.04 102.207
-35.6081 -44.9999 94.2222
-42.8839 49.1862 92.6168
-40.8097 27.4122 92.4981
-39.2088 6.10351 94.9161
-37.334 -14.28 101.916
-35.6106 -37.4783 99.2571
-42.937 55.533 90.2231
-40.8736 34.9736 97.3063
-39.1463 12.3055 91.8824
-37.3895 -7.7104 100.72
-35.6676 -29.4293 102.776
-33.7665 -57.0625 87.5212
-40.9207 41.3647 98.6605
-39.1079 18.6395 92.091
-37.4802 -1.71609 99.386
-35.6036 -22.6099 104.008
-33.7677 -48.181 94.1261
-41.1205 47.2835 96.2533
-39.056 25.0287 92.8811
-37.483 4.10116 97.124
-35.5767 -16.524 102.866
-33.8066 -40.2178 98.594
-41.1798 53.4642 92.8932
-39.0609 32.2926 96.0855
-37.4112 10.1182 93.2882
-35.6423 -9.86638 102.061
-33.9009 -31.9611 102.77
-31.9702 -59.1522 89.3168
-39.2455 40.5232 99.3244
-37.4967 17.9897 93.3904
-35.8599 -2.35262 100.571
-34.0372 -23.2332 105.231
-32.1236 -48.6774 95.6278
-39.6798 48.5371 97.0543
-37.5986 26.5769 95.0525
-36.0136 5.30701 97.2383
-34.1445 -15.1877 103.466
-32.3287 -38.6623 99.6485
-30.3545 -66.2958 86.1328
-37.9666 37.6685 99.992
-36.2188 15.3056 95.113
-34.4602 -5.35557 100.637
-32.7859 -26.1506 105.907
-30.8162 -52.0126 95.2837
-38.7101 49.21 97.6383
-36.6309 27.3228 95.8517
-35.0212 5.93131 97.2964
-33.1803 -14.4856 103.827
-31.3195 -37.9134 99.9622
-29.3714 -64.4185 89.6731
-37.372 41.9938 100.95
-35.506 19.4452 94.7046
-33.9276 -0.996826 101.155
-32.1076 -21.6707 106.473
-30.1491 -46.6455 98.033
-38.3419 56.5112 94.8993
-36.3265 35.871 100.435
-34.4935 13.3391 95.0246
-32.7652 -7.05969 101.69
-31.0513 -28.1338 105.823
-29.0948 -53.7291 96.4555
-37.4405 52.2972 97.2078
-35.3794 30.8346 97.6321
-33.7063 8.94478 96.1344
-31.9348 -11.2143 103.841
-29.9968 -34.2781 100.7
-28.1242 -59.2705 94.5651
-36.5101 47.8063 100.881
-34.454 25.3398 95.2071
-32.8662 4.45514 99.2801
-30.9911 -16.081 105.1
-29.119 -39.7529 100.594
-27.0835 -65.5215 92.3426
-35.5186 43.4551 102.482
-33.5561 20.8827 95.9175
-31.9832 0.278828 101.392
-30.1716 -20.2414 107.217
-28.235 -44.6649 100.513
-26.069 -71.396 89.7601
-34.6573 40.3372 102.131
-32.8262 17.8502 95.9506
-31.2085 -2.53383 102.559
-29.4183 -23.1146 108.105
-27.4464 -47.9312 100.383
-35.9561 58.4625 96.6431
-33.8781 37.6845 101.315
-32.0945 15.406 96.4538
-30.3384 -5.30152 101.544
-28.6801 -25.6128 108.38
-26.6825 -50.7436 99.9337
-35.2592 56.2165 98.2923
-33.2454 35.2852 101.421
-31.3537 12.7233 95.7926
-29.6725 -7.52517 103.03
-27.8812 -28.4837 107.214
-25.9213 -53.5616 99.5249
-34.5454 53.9455 99.8589
-32.4383 32.3584 99.1331
-30.6927 10.2969 96.3615
-28.9874 -9.80086 104.266
-27.0025 -32.286 102.809
-25.1713 -56.3723 99.237
-33.8689 52.1397 101.141
-31.7574 30.2233 98.2808
-30.0717 8.57935 97.8499
-28.3061 -11.6689 104.962
-26.2259 -35.556 100.636
-24.3848 -59.3383 98.3843
-33.1699 49.9335 102.984
-31.0393 27.6259 97.76
-29.4277 6.4352 99.7601
-27.6201 -13.9219 106.258
-25.5532 -38.2546 102.587
-23.5586 -62.8503 97.6453
-32.495 48.1383 104.255
-30.3746 25.451 96.6966
-28.7995 4.69775 101.135
-26.9875 -15.6621 107.527
-24.9559 -39.9746 104.186
-22.8349 -65.0485 97.5145
-31.8328 46.3537 105.472
-29.6954 23.5222 97.1349
-28.1187 2.85874 102.025
-26.3491 -17.4092 108.743
-24.3909 -40.7707 105.065
-22.195 -66.0693 97.4975
-31.2971 45.969 105.969
-29.1492 23.0775 97.2624
-27.5786 2.4837 102.477
-25.8214 -17.7403 109.337
-23.8383 -41.1273 105.496
-21.6201 -66.4338 97.8249
-30.8037 46.0538 106.252
-28.6446 23.1318 97.3171
-27.074 2.56379 102.636
-25.3281 -17.615 109.661
-23.3326 -40.9455 105.93
-21.1107 -66.1639 98.4527
-30.3102 46.1334 106.505
-28.1413 23.1852 97.3642
-26.5703 2.64718 102.81
-24.8364 -17.49 109.989
-22.8319 -40.7652 106.379
-20.6151 -65.8634 99.2341
-29.923 47.2248 106.703
-27.7244 24.2409 97.2847
-26.1514 3.6962 102.653
-24.411 -16.4658 109.732
-22.4088 -39.5923 106.533
-20.2389 -64.338 100.441
-29.5649 48.7482 106.513
-27.3421 25.7665 96.9965
-25.7673 5.19696 102.19
-24.0336 -14.943 109.4
-21.9868 -38.0942 105.868
-19.8925 -62.2605 101.541
-29.2313 50.688 105.847
-27.0242 28.0416 98.0623
-25.3963 7.07699 101.081
-23.6703 -13.0076 108.586
-21.5477 -36.6526 104.961
-19.5679 -60.1621 102.835
-28.8555 52.1534 105.357
-26.6546 29.748 98.8783
-24.9605 8.43034 99.9337
-23.2741 -11.5365 108.015
-21.0355 -35.0851 104.073
-19.2487 -58.0407 104.231
-28.4854 53.6411 104.983
-26.318 31.5453 100.166
-24.5399 9.82569 98.975
-22.8944 -10.0386 107.585
-20.8961 -31.5043 109.083
-18.9047 -55.998 105.289
-28.2132 56.1065 104.3
-25.9711 33.3038 101.325
-24.1204 11.2318 98.0644
-22.1914 -12.2829 108.823
-20.028 -35.5224 106.153
-18.1491 -58.8018 105.005
-27.5592 54.3134 105.509
-25.2194 30.5459 99.7457
-23.4822 9.10946 100.062
-21.3992 -16.2472 111.588
-19.2926 -40.0079 109.561
-17.0887 -64.6203 103.721
-26.6359 49.2699 108.256
-24.0563 22.9915 97.1681
-22.4927 2.84095 104.393
-19.7236 -28.5851 113.599
-17.4232 -55.3283 106.983
-26.7867 56.8294 104.979
-24.2259 30.6818 100.009
-22.4808 9.28013 100.445
-19.8959 -21.3346 113.438
-17.5432 -47.96 109.389
-15.1519 -73.6609 100.779
-24.8426 41.6745 107.927
-22.2702 13.8629 97.4272
-19.7888 -17.3403 112.859
-17.3623 -43.8122 110.266
-15.0622 -68.9658 102.992
-24.8764 46.1497 109.862
-22.1004 17.5446 97.4785
-19.4713 -14.9812 111.747
-17.1077 -41.3919 111.277
-14.7876 -66.3567 104.107
-24.5709 48.1827 109.768
-21.6829 18.9527 96.5823
-20.0523 -0.887782 105.356
-16.9652 -37.9937 112.191
-14.6705 -62.5137 105.959
-24.3613 51.551 108.75
-21.516 23.0902 96.4938
-20.0058 3.37616 105.786
-17.28 -27.8459 115.436
-14.7126 -56.7867 108.467
-24.2337 55.8395 107.045
-21.4973 28.5817 98.3729
-19.8519 8.00562 103.123
-17.4948 -19.9081 114.045
-14.9518 -47.7816 110.62
-12.564 -73.2137 102.809
-22.5463 42.8021 110.025
-19.8348 15.1579 97.6052
-18.3227 -6.53344 119.933
-15.8128 -32.0604 112.979
-13.3263 -60.6794 107.996
-23.0176 53.1716 108.751
-20.28 26.3572 96.7904
-18.7279 6.43185 104.98
-16.4378 -20.2502 114.292
-13.8992 -48.0687 111.085
-11.4776 -73.5408 103.087
-21.598 43.0194 110.724
-18.8802 15.8005 97.7705
-17.5352 -4.5282 119.551
-15.0863 -29.1889 115.317
-12.605 -57.297 109.636
-22.2941 56.1593 108.044
-19.7001 30.7101 100.789
-17.9682 9.76154 103.261
-16.4585 -9.54646 121.191
-13.8405 -39.0173 114.92
-11.4326 -63.8598 107.535
-21.3766 51.0841 110.48
-18.5624 24.2943 95.9701
-17.1047 4.97104 107.103
-15.1895 -17.8796 115.1
-12.9765 -42.2009 114.335
-10.6005 -67.1532 107.267
-20.7017 48.8218 111.571
-17.7365 21.4751 94.5092
-16.3609 2.65681 108.021
-14.4074 -20.3526 115.109
-12.1914 -44.4897 113.279
-9.8341 -69.4999 106.512
-20.0305 46.9218 111.95
-17.0736 19.1656 95.644
-15.7571 0.748683 110.736
-13.7211 -22.5981 116.209
-11.277 -48.5807 111.938
-8.81861 -74.0704 104.061
-19.1311 42.8927 111.607
-16.3504 15.7419 98.9235
-15.2264 -1.82235 117.174
-12.9196 -26.2985 117.703
-10.4369 -52.5672 111.468
-7.70776 -79.4883 99.6937
-18.165 38.5918 109.731
-15.6351 12.426 102.635
-14.6092 -4.27211 123.549
-11.9604 -30.6906 116.542
-9.54147 -57.1037 111.055
-19.2895 55.6129 109.439
-16.623 30.0311 101.164
-14.9533 9.60949 106.129
-13.7767 -7.39548 124.737
-10.9664 -36.1027 114.44
-8.77518 -59.8849 110.802
-18.5731 52.876 110.79
-15.7708 26.6352 98.9344
-14.2982 7.21231 109.06
-12.4064 -15.1204 116.526
-10.4497 -37.365 115.971
-8.04926 -61.6729 109.951
-17.9423 51.0942 111.782
-14.984 23.8458 97.3913
-13.6123 5.10996 110.892
-11.7407 -17.0501 116.891
-9.81333 -39.0533 117.201
-7.28323 -63.985 109.221
-17.3005 49.2761 112.553
-14.2769 21.7603 96.9884
-13.1234 3.9088 114.446
-11.0031 -19.1469 116.43
-9.09011 -41.0587 117.138
-6.5603 -66.1663 109.092
-16.638 47.394 112.973
-13.7168 20.5597 98.4531
-12.5854 2.8899 116.477
-10.2048 -22.8803 117.818
-7.96372 -45.9002 114.125
-5.51011 -71.1269 107.053
-15.752 43.4116 112.812
-12.9507 17.0328 101.247
-11.9915 0.0814381 121.679
-9.38031 -26.6593 118.927
-7.02035 -50.6371 112.887
-4.31887 -76.9472 102.803
-14.7799 39.1326 111.039
-12.2694 13.8177 105.38
-11.3459 -2.72689 126.491
-8.32684 -31.7783 117.038
-6.05425 -55.8349 112.186
-15.846 55.5796 110.546
-13.1413 30.1105 102.735
-11.62 10.4494 110.984
-10.442 -6.78306 127.833
-7.44789 -36.9396 116.556
-5.07416 -60.8639 111.746
-15.065 51.9248 112.237
-12.1743 25.6933 100.455
-10.9578 7.39904 115.421
-8.528 -19.0666 117.78
-6.56783 -41.1176 118
-3.96852 -66.2926 109.731
-14.1992 47.664 113.313
-11.2633 21.1547 100.465
-10.3073 4.02034 120.429
-7.59989 -23.6129 117.92
-5.34794 -46.6214 114.421
-2.78854 -72.1758 106.643
-13.2676 43.1949 113.188
-10.5199 17.3136 104.11
-9.69078 0.793629 125.833
-6.74356 -27.8981 119.144
-4.34265 -52.0257 113.06
-1.39312 -79.2156 100.501
-11.7373 34.7279 107.835
-9.91149 14.0031 110.113
-8.96587 -2.72668 129.623
-5.67492 -33.1175 117.037
-3.40775 -57.0129 113.096
-13.3701 55.3877 111.157
-10.6716 30.0966 104.276
-9.24593 10.9264 114.55
-8.0914 -6.44397 130.239
-4.89437 -37.1122 116.993
-2.49928 -60.9795 112.434
-12.6137 52.1559 112.429
-9.78841 26.3819 102.998
-8.65065 8.32862 118.626
-6.12029 -18.4777 119.154
-4.08537 -40.7536 118.584
-1.40277 -65.9765 109.991
-11.7985 48.3958 113.469
-8.94888 22.4704 103.502
-8.06323 5.41583 123.385
-5.22481 -22.2677 118.257
-3.02435 -44.9378 115.936
-0.349762 -70.5786 107.463
-10.9814 44.9852 113.652
-8.26167 19.4727 106.16
-7.45853 2.82139 127.129
-4.54811 -24.9798 119.776
-2.08294 -48.6468 113.957
0.703255 -74.8934 104.301
-10.1503 41.8895 112.899
-7.55718 15.845 110.692
-6.77335 -0.666819 131.096
-3.57703 -29.5864 119.517
-1.08866 -53.93 113.133
-11.1075 57.596 111.137
-8.63665 33.1585 108.685
-6.95515 11.473 118.408
-5.76976 -6.15907 132.524
-2.34199 -36.9503 116.698
0.0292778 -60.5973 113.019
-10.1357 51.9431 112.855
-7.38739 26.597 105.722
-6.2655 6.84136 124.492
-3.48477 -19.81 119.097
-1.38401 -42.1433 118.277
1.34829 -67.5061 109.768
-9.19524 46.7443 114.122
-6.46856 21.4241 107.531
-5.52924 2.13979 129.839
-2.51993 -25.6457 120.627
0.0453682 -49.6119 113.912
2.93918 -76.0753 103.724
-8.01471 40.496 112.565
-5.69787 15.0689 115.803
-4.79065 -1.88347 133.499
-1.31375 -32.124 119.171
1.19769 -56.5552 113.239
-8.96835 55.4639 112.236
-6.73985 33.9488 109.427
-5.1902 13.6881 118.563
-4.14843 -3.65467 134.095
-0.376735 -35.6279 116.338
1.96432 -59.2937 113.254
-8.28025 53.1407 112.979
-5.98009 31.4083 108.931
-4.68729 12.6592 120.577
-3.50562 -5.11593 133.934
0.253018 -37.9786 117.876
2.85313 -62.4042 111.714
-7.58071 50.7869 113.531
-5.22951 28.8964 108.68
-4.11359 10.7276 123.014
-2.75989 -7.57865 133.697
0.99101 -40.7746 118.873
3.75719 -65.9692 110.719
-6.84025 47.9587 114.16
-4.42921 25.8836 108.572
-3.51464 8.37859 125.752
-0.261519 -21.793 118.458
1.97267 -44.3486 116.644
4.78113 -69.9496 108.227
-6.06052 45.0212 114.234
-3.7845 23.3232 110.645
-2.89707 5.97643 128.162
0.523525 -24.8177 118.609
2.93535 -48.0118 114.656
5.84734 -74.1986 105.306
-5.23407 41.955 113.618
-3.20778 20.9758 113.779
-2.26957 3.55568 130.393
1.13708 -27.2732 121.077
3.80781 -51.6085 113.897
7.09295 -79.2312 100.27
-4.40852 38.8938 112.96
-2.55945 18.4341 115.967
-1.66581 1.20119 132.848
2.0226 -30.2193 119.299
4.63826 -54.6219 113.118
-5.69598 57.3085 112.461
-3.48542 35.9142 110.42
-1.99442 16.4876 118.478
-1.05329 -0.838499 134.464
2.88819 -33.2229 117.781
5.43292 -57.5022 112.885
-4.98623 54.9247 112.869
-2.77975 33.5527 110.729
-1.42199 14.5243 120.857
-0.367485 -3.09809 135.06
3.77605 -36.4497 116.058
6.28082 -60.4935 112.033
-4.30154 52.6124 113.6
-2.04144 31.0956 110.675
-0.843036 12.5422 123.087
0.380013 -5.57577 134.776
4.34608 -38.2016 117.888
7.12166 -63.0461 110.607
-3.6499 50.7548 114.106
-1.29242 28.967 109.917
-0.262968 10.9098 124.578
1.11025 -7.66543 134.066
4.95944 -39.5514 118.481
7.87332 -64.9198 109.684
-2.98647 48.8654 114.451
-0.560935 26.8868 109.424
0.325921 9.2505 125.917
1.91642 -10.0285 132.373
5.71223 -41.6975 117.934
8.66881 -67.3192 108.931
-2.25203 46.4186 114.497
0.0452409 24.7967 111.265
0.956298 7.11803 127.333
4.15273 -20.8597 118.676
6.57249 -44.2086 116.031
9.54814 -69.999 107.16
-1.57371 44.4949 114.619
0.672055 23.0115 112.187
1.53922 5.47696 128.689
4.86092 -22.9179 118.594
7.51731 -47.4013 113.796
10.6007 -73.6825 104.027
-0.729751 41.3951 113.835
1.32345 20.4221 114.149
2.1996 2.56368 130.936
5.51896 -25.1784 119.83
8.4054 -50.9673 113.217
-1.8175 58.1552 112.441
0.295687 37.0797 111.94
1.99673 17.0467 117.126
2.9265 -1.58667 134.16
6.72903 -31.3026 117.961
9.62411 -57.5184 112.072
-0.857355 52.8994 113.462
1.41904 31.4107 110.746
2.78954 10.4642 123.67
4.17207 -8.31518 132.498
8.00329 -39.0234 117.798
11.0681 -64.6789 108.12
0.153767 47.137 114.469
2.55107 25.3146 110.236
3.68788 3.28805 129.254
7.06237 -25.2111 119.287
9.9374 -50.4998 112.619
-0.333263 58.2615 112.281
1.76154 37.2495 112.108
3.60688 16.8119 115.419
4.93121 -6.23354 132.671
9.00112 -38.1877 116.744
12.0141 -63.5867 107.999
1.09609 47.7006 114.332
3.59411 25.6368 108.922
4.75569 2.38365 129.307
8.26536 -27.1925 119.33
11.2426 -52.9 112.061
0.873235 55.9207 112.59
3.13078 34.4894 110.345
4.95378 8.97602 122.974
8.08658 -19.3276 117.551
10.6169 -43.2147 115.075
13.8334 -69.4799 104.807
2.53501 43.2799 114.196
4.9943 21.3027 109.543
6.0648 -2.39576 131.865
10.475 -36.0524 113.993
13.24 -60.5472 108.766
2.3894 49.7986 114.074
4.99571 27.4957 107.46
6.2602 3.81383 126.362
9.65927 -24.9534 117.547
12.5845 -50.6529 111.811
2.22811 57.4903 112.185
4.47289 36.0886 110.224
6.37687 15.488 112.902
7.64575 -7.25847 129.716
11.7561 -39.4013 115.49
14.9917 -65.4396 105.173
3.74286 45.9613 114.432
6.51251 23.2791 106.04
7.43034 1.91787 126.465
10.7372 -25.8356 117.985
13.7359 -51.3767 111.164
3.43541 55.1516 112.509
5.99138 31.896 108.626
7.63669 11.8889 114.588
10.5257 -17.5037 115.985
13.1126 -41.8222 113.987
16.485 -68.3417 102.734
5.13824 42.3978 113.627
8.03648 17.4929 107.174
8.69266 -2.03829 128.454
12.4409 -31.4847 115.9
15.6935 -58.4371 108.056
4.81267 50.5051 113.87
8.04568 24.4959 103.756
8.9839 5.1177 120.178
12.0694 -22.6518 115.759
14.8545 -46.9151 110.688
18.5016 -74.4733 97.2837
7.20178 34.5737 108.905
9.32001 13.4241 109.269
9.8881 -3.64677 127.659
13.8943 -33.8588 112.796
16.9203 -59.3509 106.729
5.92532 49.1511 114.142
9.39116 22.6584 101.597
10.1759 4.66545 117.812
13.1454 -23.1439 115.642
16.0101 -47.6352 110.066
20.0652 -76.8677 93.3777
8.23495 34.5664 108.389
10.5083 13.0782 107.18
10.9849 -3.88057 126.415
15.355 -36.2665 110.092
18.2742 -61.0312 104.78
7.05981 47.739 114.139
10.667 20.995 100.401
11.4286 2.95631 116.639
14.4158 -25.2918 115.025
17.3212 -49.5754 109.128
6.8782 55.8961 111.911
9.88837 30.4912 104.837
11.7301 9.95542 108.916
14.2116 -17.319 113.85
16.7575 -40.3146 111.194
20.2982 -67.0471 99.2436
8.69035 42.0983 112.976
12.1007 15.8045 102.274
12.6297 -1.58901 120.87
16.2658 -32.0666 112.746
19.4528 -57.4269 105.244
8.41724 49.3234 113.775
12.2829 21.7129 98.1057
13.2612 2.98083 111.712
15.9961 -25.3602 114.388
19.0286 -49.9498 107.635
8.44416 55.09 112.103
11.6729 29.2527 102.809
13.5002 8.71922 107.342
15.8882 -18.7539 113.954
18.6721 -42.419 108.94
22.3958 -69.7074 96.061
10.4018 40.5626 112.034
13.8675 14.2097 101.381
14.3318 -3.13126 120.303
18.7341 -36.5447 105.944
21.7246 -61.3974 101.456
10.252 45.9433 113.724
14.1442 18.7785 98.1279
15.1247 -1.15544 113.414
18.0744 -30.1651 113.684
21.5484 -56.1474 103.489
10.4053 49.4909 113.604
14.499 21.5431 96.2135
15.634 2.29897 108.012
18.3283 -27.9194 114.196
21.7838 -53.7241 104.016
10.7812 50.9745 113.208
14.8293 23.1516 96.339
16.1617 3.44979 106.05
19.1547 -30.2659 113.132
22.7318 -56.4798 102.276
11.4542 49.0556 113.464
15.6801 20.9618 95.2778
16.8211 1.59556 106.847
20.1042 -32.5824 110.148
23.6667 -58.8184 100.194
12.0532 48.0839 113.402
16.2754 20.0009 95.4872
17.4809 0.491976 106.365
21.5742 -37.4766 104.556
24.8884 -63.1615 97.1056
12.9424 44.5186 112.896
16.9795 16.786 97.4197
19.3733 -15.6114 110.96
22.5331 -42.0891 105.712
26.9451 -71.9552 88.6441
15.3975 32.1901 103.066
17.8959 10.3512 101.245
20.4559 -22.0556 112.054
24.0606 -49.874 103.583
13.2633 51.5892 112.489
17.3378 23.9081 96.3199
18.8318 3.85399 104.643
21.607 -27.921 111.353
25.6763 -56.8175 98.9912
14.1654 47.2101 113.033
18.3539 19.2853 96.2505
19.7789 -0.709413 104.958
22.3031 -29.1328 110.665
26.3867 -57.6875 97.9805
14.8291 45.7238 112.86
18.9289 18.0099 97.3987
20.496 -2.35393 104.393
22.7022 -27.6609 109.998
26.4672 -54.4284 99.1824
15.1268 47.772 112.802
19.2275 20.4808 96.6149
20.8178 0.127487 103.685
22.5821 -21.7184 110.825
25.8695 -46.6022 103.064
15.177 53.1415 111.557
19.0881 26.2727 96.996
20.8448 5.74012 102.983
22.5501 -14.854 108.907
25.4828 -38.6898 103.615
29.7135 -66.8227 88.3675
17.3313 38.2598 109.675
21.0324 12.1274 98.4986
22.614 -8.25562 105.608
24.5982 -29.6252 108.212
28.5129 -56.3651 96.3356
16.9301 45.284 112.127
20.9232 18.691 97.3263
22.649 -2.00847 102.922
24.2606 -22.3392 110.041
27.7004 -47.5658 101.373
16.8887 50.8349 111.907
20.8861 23.8544 97.101
22.6455 3.29544 103.146
24.3819 -17.4099 108.69
27.5048 -41.7108 102.315
17.1277 54.6405 110.282
20.9576 27.5766 97.5276
22.966 6.59133 101.298
24.6753 -14.077 107.159
27.579 -37.8017 102.067
32.5346 -67.7099 81.6848
20.7158 31.7643 100.835
23.3224 9.79982 98.9937
24.9637 -10.738 105.57
27.3567 -33.1622 104.678
31.8333 -61.4344 88.6556
19.8222 39.2264 108.386
23.6925 12.1434 97.518
25.3648 -8.47443 103.801
27.3611 -29.8742 106.85
31.732 -57.6684 91.491
20.2569 40.1112 107.709
24.125 13.1448 97.1132
25.8533 -7.59104 102.88
27.7571 -28.7563 106.878
32.0992 -56.3816 91.8717
20.7027 40.6615 107.711
24.5898 13.6816 96.9783
26.3698 -7.16203 102.272
28.2578 -28.2901 106.468
32.6314 -55.9322 91.3643
21.2954 40.1315 107.294
25.1747 13.1774 96.8479
26.9527 -7.66981 102.175
28.9069 -28.9639 105.816
33.6133 -57.468 88.0028
21.8937 39.2753 107.621
25.8245 12.1495 96.7055
27.5732 -8.65974 102.276
29.6452 -30.2402 104.949
34.9097 -60.192 83.1621
23.6 33.0985 101.119
26.4807 10.7206 97.1442
28.2216 -10.1049 102.697
30.4661 -32.099 104.009
21.1871 57.0104 106.847
24.5304 30.8148 99.3755
27.1576 8.83561 97.919
28.9082 -12.0357 103.306
31.4052 -34.6519 102.466
21.8535 54.2871 108.368
25.5394 27.5652 98.0433
27.9047 5.99341 99.1377
29.6455 -14.8612 104.643
32.5933 -38.6082 99.8548
23.0545 46.4516 109.609
27.02 19.2935 97.67
29.0572 -1.8627 101.446
30.9243 -23.0067 105.679
35.176 -49.9781 91.4929
25.4546 34.3796 101.594
28.5476 11.6661 95.8301
30.3148 -9.17509 101.483
32.5768 -31.2052 102.81
23.6056 51.9751 108.581
27.3599 25.9674 96.9987
29.6445 4.52151 99.0188
31.4503 -16.51 103.904
34.6199 -40.7355 97.9899
25.0689 43.0865 107.257
28.7626 18.2306 96.8673
30.8191 -3.01738 100.421
32.7011 -24.1739 104.899
24.4321 56.1502 105.654
27.1322 33.8521 100.671
30.2327 11.1302 95.1316
31.9901 -9.70167 100.984
34.3535 -31.9363 101.872
25.4259 49.5289 108.106
28.909 26.0458 96.7447
31.2774 4.51075 98.3674
33.1746 -16.7626 102.373
36.4608 -41.2177 95.9081
26.9122 41.314 105.244
30.3701 18.2472 96.2726
32.4158 -2.92445 100.304
34.3955 -24.3371 103.887
26.1302 55.1816 104.898
28.8919 32.807 99.6571
31.9643 10.1395 94.7577
33.7256 -10.7463 100.557
36.2837 -33.4219 100.059
27.1871 48.0016 107.184
30.6624 24.5982 96.4885
33.0352 3.03328 98.2537
35.0425 -18.513 101.302
39.0352 -44.5507 89.9747
28.7197 39.6954 103.904
32.1631 16.7121 95.7167
34.2959 -4.74473 98.6832
36.366 -26.3084 102.116
27.9144 53.2378 104.396
30.8725 30.5912 97.8449
33.7528 8.25515 95.1472
35.6374 -12.9886 99.5632
38.563 -36.4687 96.6651
29.2176 44.1884 105.291
32.7149 20.925 95.5582
34.9653 -0.429172 98.764
37.1499 -22.3931 100.342
28.9138 55.5001 102.005
31.4237 33.4712 99.2217
34.678 10.5669 93.2177
36.4708 -10.3721 99.0857
39.2684 -33.5503 97.0621
30.1252 45.8195 105.056
33.6003 22.5344 95.3328
35.9775 0.977569 97.5604
38.229 -21.1415 98.6229
45.467 -55.4914 67.12
31.9589 36.0682 101.659
35.4472 12.7545 93.2081
37.4258 -8.44236 97.8969
40.2143 -31.5863 95.932
30.9258 49.8164 103.54
34.002 27.0177 96.6423
36.7649 4.89278 95.676
38.981 -17.1414 97.1006
44.7115 -47.065 75.2748
32.2076 41.8808 102.628
35.8596 18.6312 93.2243
37.9397 -2.57217 97.7308
40.57 -25.4713 96.1062
31.7749 54.9299 99.7383
34.1728 33.0721 98.3326
37.5572 9.96221 91.7491
39.4314 -11.2198 96.9596
43.2469 -36.53 87.7554
32.7677 47.2988 102.962
36.2613 23.963 93.3728
38.6651 2.36801 95.6724
41.1731 -20.3121 94.7594
48.2441 -52.5619 64.6748
34.3267 38.1662 100.871
37.9896 14.3906 92.3572
40.2179 -7.31105 94.9968
43.5824 -31.5409 89.515
33.7736 50.5424 100.012
36.6566 27.9958 95.0521
39.6594 3.86022 94.8026
42.2381 -18.9496 93.4749
49.2683 -50.9224 64.0767
35.3597 38.6418 100.178
39.4714 12.9304 89.9199
41.4862 -8.42472 94.5051
45.8232 -34.6308 82.0871
35.0434 48.0947 100.157
38.1362 25.3386 94.1099
40.8589 3.29257 94.244
43.6695 -19.993 91.1965
51.3693 -53.2729 57.9163
36.7328 36.7467 99.9327
40.8167 12.1737 88.3344
42.7538 -9.11775 93.5289
47.9709 -36.9613 75.7875
36.2651 46.1201 100.159
40.3437 21.1074 87.8549
42.3239 0.0996688 93.9057
45.8026 -24.4599 86.3705
36.5611 53.1983 95.4591
38.943 31.3045 94.7617
42.3965 6.92138 90.6753
44.9129 -15.7292 90.463
51.9805 -47.3208 61.8556
38.2653 37.7161 98.8764
42.6841 11.934 86.4529
44.6468 -9.50961 91.3779
50.5327 -38.4897 70.1764
38.434 40.7957 98.7309
43.033 13.9719 85.7907
45.0574 -7.56793 90.2454
50.6175 -35.8064 71.3469
38.8149 42.85 98.2415
43.3512 16.0865 85.4918
45.4007 -5.43989 89.9587
50.7332 -33.1797 72.4254
39.2926 44.823 97.1142
43.8443 17.5403 84.5026
45.7849 -3.75517 90.1178
51.0282 -31.3189 72.8713
39.8836 45.2858 96.2852
44.4614 18.3832 83.0826
46.2575 -2.67968 89.9452
51.529 -30.3151 72.1678
40.5497 43.7308 96.156
45.3205 16.6668 82.2134
47.1782 -4.67067 88.0973
52.9478 -33.123 68.0591
41.3279 41.121 95.9478
46.1231 15.4575 81.2545
48.0719 -6.15693 86.1354
54.8407 -37.6954 61.8753
42.4349 36.9852 95.351
47.1472 11.7447 81.218
49.3861 -10.4396 83.9956
42.1024 52.2584 89.1634
44.4016 30.3073 89.5345
48.0215 6.97446 83.9388
51.6568 -17.6594 76.9094
43.1469 45.2782 91.0467
47.2441 21.2022 79.7338
49.2054 -0.207156 85.5614
54.8013 -28.2223 66.4665
44.1715 37.3387 93.5263
49.0358 12.448 78.6181
51.4702 -10.1631 80.0181
44.33 48.09 87.8875
47.6776 24.7743 81.2904
50.2896 2.56072 82.9364
58.1112 -33.8622 53.2299
45.8133 35.0383 91.3552
50.5448 10.1723 77.6032
53.9164 -13.9831 73.0187
46.0358 41.2564 87.7619
50.5465 16.8107 75.3107
53.4431 -8.32623 75.5422
46.7494 42.5968 85.6036
50.9834 18.3649 74.6885
53.3485 -4.07624 77.064
47.5201 39.0028 86.2353
52.165 14.4301 73.6934
47.1552 54.1404 80.8687
48.9443 32.6104 85.2742
53.4672 7.98655 74.0032
49.0496 42.1123 81.092
53.1065 17.8855 71.3902
48.8287 51.3133 78.6795
51.6891 27.9349 76.2251
55.3898 4.19146 71.1943
51.9786 30.0859 76.062
50.0867 52.67 76.1613
53.0493 29.6572 73.0076
50.8811 52.0133 74.8227
54.2929 28.4819 68.9443
66.5594 -16.1614 22.8445
54.474 34.3023 67.3559
58.4903 9.27125 59.8533
53.7513 43.3586 69.3446
58.2785 18.3045 57.275
53.3933 49.9245 70.0651
58.1215 24.9389 56.761
69.0001 -19.9219 21.7485
58.6032 28.0741 55.0952
69.8122 -20.677 20.9151
60.1861 26.5472 49.0409
55.7924 49.3965 65.03
62.7216 22.0538 38.9643
57.6503 44.9662 59.8057
69.9799 -6.08689 20.0689
60.1907 38.8757 51.3508
71.7501 -11.6632 16.5576
63.2861 31.7432 40.5904
72.9443 -16.9324 17.4532
66.6028 24.108 28.4708
62.6368 40.396 45.1959
73.9592 -1.31567 6.41747
66.6254 29.9879 31.7123
74.6735 -12.0274 13.9365
69.5279 24.3742 21.49
75.4584 -12.1719 13.0324
70.8482 22.346 19.2153
75.9111 -8.78665 11.343
71.1118 24.7639 19.2503
76.6571 -7.24208 9.62713
71.7994 25.2763 18.3604
77.4171 -7.40543 8.6054
72.7854 23.9487 17.0882
78.2262 -7.58869 7.47695
73.71 22.161 16.6653
79.4296 -9.79726 5.57108
77.6273 11.0985 4.68592
80.5029 -14.5959 6.18109
79.6611 2.75605 2.56405
75.3458 25.6568 15.0769
81.6092 -8.3918 2.595
80.9624 2.77859 2.12792
81.1723 6.45615 1.66678
82.3699 2.10903 1.36102
83.1829 18.5879 -4.59784
85.911 2.93373 -5.34256
85.7346 17.1574 -6.99576
87.454 9.52549 -7.98932
88.2306 14.5648 -8.58208
77.9258 -4.29303 6.4073
72.6714 -13.1237 15.8861
71.0587 -17.2369 19.3805
70.238 -9.87746 18.8499
69.4277 -13.8806 18.2701
68.7618 -13.0636 18.9747
68.8947 -6.86367 21.1041
70.9317 13.6347 16.0968
70.2024 23.1923 20.0237
67.07 -13.848 21.1141
67.8407 -0.244984 22.8626
68.6031 15.0937 19.5155
66.1085 -10.9129 23.4789
66.7267 1.22038 23.598
66.7552 18.9701 24.2305
62.4614 -4.61004 41.7964
64.9486 16.0213 30.8771
60.6234 -19.197 48.6206
62.8889 9.74342 42.3266
59.8567 -12.2923 52.969
63.2607 16.6728 38.4202
59.7822 -4.88073 53.0517
63.1356 24.8744 38.7339
60.0734 3.24914 53.7573
58.3051 -21.2241 58.3281
60.416 9.96022 52.2302
57.4118 -11.6596 62.2493
61.6222 22.6639 43.3712
57.8522 -0.48897 63.1945
57.0777 -24.135 62.2882
59.4435 12.808 55.0823
55.9977 -8.19447 67.56
60.7387 32.5102 48.1471
58.3487 10.8853 60.0992
55.011 -10.2289 70.6362
60.1717 33.9477 50.247
57.9429 12.1567 60.8083
54.3572 -8.49025 73.1557
59.8085 38.5604 52.4158
57.8732 16.4237 59.2693
54.3995 -4.02414 74.3312
54.4966 -28.8822 66.8556
58.1518 23.8307 56.691
55.0799 3.06912 72.044
53.1735 -19.6657 73.1333
58.2266 34.8139 56.418
56.0187 13.2544 66.3103
52.6886 -7.37891 77.5674
53.2455 -33.2366 67.3595
57.0378 26.0829 60.3443
54.1799 5.26161 73.9033
51.4917 -16.6185 77.7079
57.4947 42.398 59.6428
55.8902 20.0414 64.3798
52.3992 -1.11255 79.6431
51.5096 -25.2605 74.3194
56.5917 39.5381 61.7608
54.8512 17.5067 67.9407
51.4563 -3.98712 81.3139
50.9609 -28.6049 74.0217
55.6924 36.0446 63.7356
53.8354 14.2929 70.8824
50.1516 -7.62331 83.0213
50.4962 -33.3531 72.8513
54.9711 33.656 66.0243
52.8084 12.1231 73.4676
49.2999 -9.85923 84.2673
49.6303 -36.3732 73.0029
54.378 33.4639 68.0005
52.2086 11.8351 74.5838
48.6814 -9.6426 85.3181
49.1216 -35.8538 74.445
53.8142 34.3407 69.5331
51.7405 12.5602 74.9529
48.2544 -8.43247 86.0423
48.4319 -33.6774 76.88
53.2149 33.6886 71.7231
51.097 11.7154 76.1305
47.5862 -8.69863 87.0734
47.6598 -33.8625 78.5499
52.6777 32.9642 73.6796
50.4726 10.894 77.3443
46.7897 -9.47236 88.3552
47.1268 -34.7576 79.1952
52.1828 33.2618 75.2669
49.9697 11.0895 77.8528
46.2327 -9.2769 89.2017
46.4066 -34.0167 81.2406
51.6639 36.6075 75.5936
49.7636 14.3142 76.8942
46.3915 -6.16774 88.5998
45.2856 -29.3067 86.215
51.3785 42.5275 75.3344
49.7073 20.0077 76.4283
46.7915 -0.0520048 89.061
44.6294 -22.4284 89.2338
46.6222 -51.7909 68.186
50.0748 34.238 83.0423
48.2118 11.1896 80.1235
44.5194 -9.13272 91.4535
44.1823 -32.6854 87.6034
50.6671 46.899 76.105
48.7399 24.9018 79.9578
46.4577 4.11759 88.0769
43.3251 -17.2503 92.2234
44.593 -44.3149 78.04
49.4743 40.2907 80.6038
47.7514 17.3414 78.6253
44.6842 -2.58562 91.9268
42.7736 -24.6939 92.3581
44.9485 -54.925 68.5214
48.1642 35.0964 87.5802
46.4916 11.2846 82.2392
42.8107 -8.90519 93.4124
42.1714 -31.9791 92.1059
49.1567 49.9451 78.4529
47.1198 26.9055 83.5504
44.9867 5.64173 89.1616
41.6031 -15.4476 94.7291
42.2337 -40.4559 87.3542
47.9128 44.909 82.6502
46.4136 21.1285 80.5817
43.7011 0.917266 92.2596
40.8872 -20.6065 95.1356
42.3593 -48.2645 79.134
47.1494 40.2076 85.9072
45.5211 17.1398 81.8243
42.5252 -2.93561 94.1555
40.4394 -24.7471 96.2208
42.3441 -54.3385 73.7956
46.0833 37.9427 90.8462
44.6176 14.3806 83.5631
41.5239 -6.05912 93.4679
39.7524 -27.8028 97.3103
42.0263 -58.6194 70.6426
45.153 35.238 91.8191
43.774 11.5352 85.4619
40.2618 -8.70811 95.7148
39.535 -31.2361 97.1509
46.6197 53.7469 81.8952
44.5618 33.6138 91.2505
43.0982 10.276 86.9279
39.4393 -9.9724 96.7644
39.1288 -32.8591 97.3679
45.9985 53.3789 82.7819
43.9905 33.1759 91.411
42.4985 9.9347 87.7362
38.891 -10.3046 97.3219
38.6385 -33.3426 97.9226
45.4017 53.5322 83.7455
43.3891 33.343 91.9854
41.9577 10.0804 88.2292
38.3992 -10.175 97.6085
38.006 -33.2312 98.7201
39.753 -64.3541 69.6209
42.9096 35.3224 94.3125
41.6926 11.6645 87.6129
38.1752 -8.56171 97.3403
37.2115 -31.1455 100.148
39.0316 -61.196 74.2459
42.4997 36.9835 95.1688
41.3921 13.4542 87.9031
37.9633 -7.21123 96.4756
36.5978 -28.9264 101.522
38.1703 -58.1214 78.7001
42.1937 39.1567 95.4704
40.967 16.5752 89.808
37.8889 -4.39616 97.2034
35.9415 -25.877 102.566
37.0467 -53.5624 84.5106
42.1919 43.3548 94.2745
40.5545 20.3863 87.9659
38.0853 -0.243491 96.9144
35.3747 -21.4293 102.038
36.3712 -47.6635 91.591
41.9908 48.2061 91.5153
40.7774 26.1722 92.0729
38.3896 4.77187 94.8492
35.2547 -16.3123 100.155
35.4719 -40.9229 97.1641
41.9878 53.4749 88.9172
40.1379 32.9202 94.4149
38.7988 9.87344 90.9659
35.1695 -10.5131 99.8161
34.2223 -34.1333 100.798
35.8406 -61.8157 80.1629
40.2358 39.7201 97.0952
38.559 17.2173 92.2894
35.9361 -3.74008 98.674
33.6717 -25.484 104.371
34.8107 -52.1082 90.3408
40.1839 45.8163 95.4218
38.4303 22.9225 91.2097
36.4688 2.18698 97.0313
33.3142 -18.7603 103.172
33.9199 -44.2452 97.2065
40.0389 51.4927 92.1393
38.2753 30.2051 94.3475
36.9166 7.96976 93.6017
33.3913 -12.7355 100.628
32.6119 -37.0913 100.475
34.1573 -63.9681 81.6827
38.1618 37.4525 98.9154
36.8951 14.8278 93.3092
33.9964 -6.37336 98.4964
31.8277 -28.3546 104.659
33.1456 -54.5042 91.5223
38.3902 45.521 98.0151
36.6684 22.6226 93.0707
34.6995 1.45823 98.0497
31.6482 -19.4298 104.854
32.1318 -44.9502 98.7081
38.6974 52.8314 93.1044
36.812 31.7328 96.5281
35.5172 9.1649 93.5922
32.0108 -11.4553 101.16
30.7472 -35.3917 102.275
32.1412 -60.8649 88.5438
37.0446 42.4556 99.7516
35.3056 20.1861 93.7448
33.1992 -1.23741 99.8743
30.505 -22.5444 105.951
31.0199 -48.3841 98.1837
37.5733 53.5252 94.0078
35.8637 32.2972 97.2546
34.5552 9.87698 93.6489
31.1442 -10.8383 101.426
28.9028 -34.7369 102.637
30.8245 -59.5271 91.7334
36.314 46.9465 99.5778
34.6978 23.867 94.5597
32.8394 2.75263 98.3108
29.5537 -18.0023 105.728
29.4325 -43.2712 101.117
30.5159 -68.9716 85.0497
35.4267 41.0417 100.325
33.5406 18.3559 94.6971
31.3663 -2.97937 100.488
28.7245 -24.6144 107.208
29.2033 -50.3843 98.8078
36.1767 56.7461 93.8624
34.4018 35.8161 100.49
33.1678 13.2352 94.6381
30.0854 -7.47795 101.281
27.6312 -30.14 106.41
28.908 -55.2708 96.5158
35.1851 52.3175 97.4515
33.5125 30.1627 96.7535
32.171 8.26288 95.8202
28.7895 -12.2552 103.62
26.9836 -37.3353 101.942
28.4736 -60.7343 94.339
34.2779 48.2891 100.95
32.7665 25.0085 95.4519
31.081 4.01902 98.5231
27.7083 -16.5571 106.314
26.7912 -41.8267 102.933
28.1347 -65.9174 91.5427
33.5439 45.661 102.603
31.9745 22.696 96.1657
30.106 1.34273 100.463
26.8772 -19.4816 107.629
26.3014 -45.2143 102.96
27.6114 -69.4211 89.5927
32.9727 43.0581 102.494
31.102 20.5175 96.1872
29.1893 -0.988245 101.348
26.2121 -22.1359 108.634
26.0097 -47.8007 102.722
26.984 -72.2642 88.4331
32.5443 40.1751 102.027
30.335 17.7589 96.0746
28.3856 -3.66262 101.018
25.1547 -24.8207 109.44
25.6059 -50.3203 102.074
33.0343 58.3753 96.5994
31.6349 37.6033 102.372
29.9436 15.0395 96.302
27.5245 -6.13083 101.488
24.3451 -27.8145 108.825
25.2232 -53.0284 101.128
32.4184 56.5995 97.9871
30.979 34.9996 100.681
29.3391 12.7784 95.7502
26.6767 -8.04302 102.546
23.5247 -29.9506 109.318
24.6358 -55.492 100.703
31.7224 54.5556 99.986
30.1432 32.2809 99.0442
28.7259 10.302 96.395
25.4913 -10.1283 104.867
21.9383 -36.209 103.457
24.2339 -58.4688 99.8375
30.9907 52.977 101.736
29.5585 30.179 97.9144
28.0025 8.42983 97.7161
24.6453 -11.9507 106.185
21.7394 -38.2636 105.578
23.7929 -60.548 99.3699
30.2415 51.1336 103.378
28.8886 27.9527 97.7981
27.3044 6.67534 99.0352
23.8972 -13.7193 107.584
21.1538 -38.9784 106.501
23.1119 -61.3699 99.8458
29.7126 50.7773 104.138
28.5016 27.7859 97.9629
26.7751 6.2851 99.5428
23.3266 -14.1205 108.105
20.7356 -39.1844 107.104
22.4559 -61.6116 100.494
29.2159 50.866 104.473
28.4816 27.7738 97.9383
26.272 6.37106 99.7184
22.8385 -14.0036 108.441
20.273 -39.0086 107.422
21.8319 -61.34 101.208
28.7285 50.9751 104.9
28.2251 27.4844 97.8893
25.7847 6.44058 99.8882
22.3457 -13.9145 108.621
19.8379 -38.8061 107.746
21.3162 -61.063 101.986
28.3299 52.0075 104.697
27.1412 29.5063 98.0474
25.3515 7.43549 99.5974
22.0627 -12.8597 108.261
18.8915 -37.8146 106.936
20.8189 -59.7556 103.064
27.9777 53.4425 104.219
26.5892 31.0399 99.0849
24.9582 8.92167 98.8566
21.8953 -11.291 107.755
18.3512 -35.7424 106.887
20.2858 -57.7652 104.329
27.6338 55.2886 103.408
26.3255 32.7065 100.147
24.6609 10.9631 97.6818
21.8427 -9.27651 106.849
18.4042 -31.2952 112.515
19.5848 -55.7699 105.562
27.1696 56.6967 102.82
25.9802 34.6518 101.857
24.2106 12.5933 97.1508
21.6667 -7.79409 106.253
18.1367 -28.882 114.407
18.8818 -53.8365 106.721
26.7957 58.142 102.481
25.5223 36.7298 104.217
23.7411 14.2539 96.9938
21.5385 -6.28151 105.592
17.8821 -27.1438 114.204
18.27 -51.9955 107.677
19.426 -77.3522 93.692
25.159 39.7478 105.695
23.2912 15.9217 96.8318
21.4821 -4.86242 104.658
16.9677 -29.7255 114.703
17.8588 -54.3662 107.441
25.8375 58.7368 102.865
25.0755 37.4823 105.356
22.6743 13.3228 97.3464
19.2707 -12.7356 109.73
15.8978 -36.9853 109.312
17.6295 -59.9012 105.891
25.0594 53.8929 106.427
24.0893 27.3629 97.8507
21.8173 6.78217 101.786
16.6274 -25.0308 114.177
16.7201 -51.1694 109.214
17.7081 -76.4159 96.4369
23.7275 40.2703 106.568
21.6337 13.4745 97.5887
17.1994 -17.9155 112.94
16.0832 -44.3151 110.722
16.8843 -68.4061 102.253
23.4776 46.5709 109.341
21.3798 18.7829 97.4055
20.1708 -1.94023 104.476
15.4663 -40.1942 112.533
16.2798 -64.0259 104.389
23.2806 50.8887 109.121
22.2916 21.9695 97.4298
20.0197 1.65034 104.241
13.9149 -33.9108 112.739
15.6513 -61.4638 106.487
22.9503 52.8397 108.587
21.9978 23.3832 97.3695
19.6331 3.30387 104.44
13.9545 -29.1831 116.263
14.8386 -57.4346 108.935
22.6378 56.0369 106.854
21.492 27.8371 97.5991
19.4266 7.28922 102.868
14.3095 -24.2832 115.02
14.2622 -52.3483 110.593
15.1013 -78.1465 97.1681
20.7083 39.0828 107.632
19.0603 11.8567 99.4
15.0454 -16.3974 113.099
13.4157 -43.5826 112.902
14.273 -67.8028 104.701
21.01 47.4523 110.827
18.9648 19.4963 96.4431
18.0121 -0.270115 105.967
12.7773 -27.5223 117.356
13.2913 -55.8003 110.321
21.2428 57.4762 106.446
19.9725 31.7764 100.994
18.1773 10.1998 101.173
14.0126 -16.6689 113.531
12.3984 -43.6718 113.693
13.1934 -68.0025 105.606
20.0327 47.6061 111.257
17.9999 19.9723 96.211
17.1875 0.495277 106.515
12.0899 -25.2852 116.957
12.3075 -52.6562 111.618
13.0282 -78.8394 97.8567
19.3535 39.487 108.556
17.1917 13.5004 98.9973
15.9215 -5.38266 120.554
10.5684 -31.791 116.505
12.0946 -58.5258 110.621
19.6341 55.4496 108.774
17.8497 29.3908 99.6925
16.7389 8.73187 103.46
15.0326 -8.2803 123.095
11.0036 -38.319 115.574
11.6217 -62.2273 108.759
18.9552 53.1893 110.123
17.221 26.5191 97.3276
16.2062 6.57911 105.361
12.1595 -16.3336 115.001
10.4614 -39.929 116.378
11.1011 -64.6175 107.966
18.316 51.4479 111.151
16.539 24.0833 96.2708
15.7321 4.3186 106.451
11.3413 -18.8066 115.611
9.93763 -43.6808 115.186
11.1456 -68.2591 107.517
17.5685 47.4619 112.146
15.3542 19.5758 96.2997
14.9782 1.07894 109.896
10.0667 -22.8696 116.508
9.77355 -48.1044 112.474
10.4 -72.6015 104.957
17.0511 43.3487 111.19
14.9533 16.1698 98.7435
14.2591 -1.42638 116.488
8.7756 -26.3135 119.274
9.18741 -52.2353 112.778
9.83528 -78.5923 100.072
16.3365 39.0455 110.204
14.5767 13.2652 101.697
13.3617 -3.4342 122.705
7.8886 -29.9878 118.206
8.64324 -54.9756 112.43
16.6717 57.0924 108.788
15.347 31.3837 102.441
14.0693 10.8144 104.553
12.5054 -5.84047 125.379
7.07096 -33.1535 116.708
8.20034 -56.5315 112.456
16.0698 55.3797 110.205
14.4572 28.6603 100.584
13.5973 8.85792 106.98
11.7264 -8.19984 126.122
5.78381 -35.6793 115.288
7.8379 -58.5654 112.503
15.4441 53.5785 111.293
13.7665 26.5049 99.2693
13.1303 7.16499 108.322
9.32949 -14.7633 117.315
7.12419 -37.0911 116.875
7.3638 -60.7644 111.563
14.8226 51.7707 112.132
13.1459 24.8452 98.6186
12.5718 6.11122 110.224
8.06991 -18.7694 117.686
6.56773 -40.7815 117.992
7.1217 -65.3913 110.089
14.1316 47.8618 113.077
12.5667 21.1901 97.9776
11.8119 3.23445 115.322
6.77153 -22.7909 118.196
6.31809 -45.5071 115.213
6.96139 -70.2915 107.616
13.4538 43.6422 112.513
11.8422 17.3133 101.104
11.0194 0.487943 120.767
5.56703 -26.6166 120.405
5.88091 -50.8204 113.626
6.1489 -77.0303 102.748
12.8472 38.9082 110.832
11.4577 13.6846 104.971
10.0331 -2.62957 126.826
4.39996 -32.2441 117.774
5.35302 -55.7875 112.949
13.2039 56.0365 110.65
11.8804 30.289 103.461
11.0066 10.7635 109.374
9.21891 -6.2137 128.581
4.66005 -37.1611 117.243
4.78141 -60.8728 112.016
12.3447 51.8189 112.61
11.0036 25.321 100.632
10.2144 7.27572 114.103
5.61044 -19.2345 118.664
4.23864 -41.2344 118.541
4.59005 -66.2535 110.435
11.6573 47.4035 113.517
10.3387 21.1739 100.711
9.40732 4.13663 120.406
4.22149 -23.8076 118.427
3.92437 -46.882 114.919
4.21285 -72.1558 106.95
10.9389 43.1613 113.033
9.79021 17.1854 104.106
8.51728 0.817498 125.673
3.0882 -27.9901 120.067
3.36342 -52.2006 113.898
3.5407 -79.2633 100.43
10.1927 38.7745 111.745
9.38306 14.2559 108.468
7.66803 -2.17953 129.931
2.1969 -32.1081 118.609
2.23597 -55.8443 112.854
10.8316 56.269 111.186
9.41903 30.9122 105.296
8.78907 11.6975 112.564
6.89736 -5.40396 130.889
2.20229 -36.8984 116.665
2.26279 -60.3601 112.954
10.0604 52.4463 112.691
8.9937 26.4436 103.225
7.88836 8.79671 117.76
5.89775 -9.62077 130.02
1.86555 -39.8212 118.868
2.16051 -64.5865 111.137
9.28756 49.1949 113.7
8.37142 23.7394 103.254
7.13171 6.31453 122.464
2.42516 -20.7741 118.694
1.31056 -43.1378 117.617
1.66461 -68.3431 109.416
8.53617 46.3881 114.019
7.71457 20.5953 105
6.24063 2.90878 127.331
0.901213 -25.0996 119.071
0.840167 -48.6024 114.41
1.11049 -74.8136 104.459
7.67295 41.2886 112.816
7.17607 14.7641 112.182
5.20058 -1.84231 132.579
-0.180699 -31.3062 119.604
0.216786 -55.626 112.829
8.42312 56.078 111.639
7.0844 31.1971 107.42
6.06716 10.3357 119.693
4.3221 -7.61448 132.887
-0.355459 -37.7282 117.71
0.0232295 -61.8364 112.277
7.51819 50.8815 113.462
6.78084 25.2723 105.45
5.10356 5.72533 125.896
0.472066 -21.5312 118.406
-0.929091 -43.9558 116.882
0.137987 -69.4703 108.401
6.48619 45.221 114.146
5.99879 20.469 108.237
4.09044 1.78688 130.53
-1.32621 -26.9582 121.404
-1.14181 -51.1992 113.553
-1.23096 -78.4577 101.418
5.84699 38.8838 112.739
5.45962 17.085 112.939
3.40316 0.298607 132.597
-1.8981 -29.6929 120.008
-1.81535 -54.2487 112.916
6.52663 57.4093 111.609
4.84665 35.9913 110.211
4.87076 15.9605 114.508
2.79642 -0.877293 133.691
-2.77153 -32.4544 118.623
-2.43735 -57.1652 112.878
5.88037 54.9472 112.366
4.54557 33.5045 109.952
4.15202 14.2196 118.179
2.20483 -3.04073 134.597
-2.83882 -36.6666 116.291
-3.03802 -60.333 112.575
5.0976 52.1186 113.292
4.22671 30.4503 109.256
3.3027 12.0632 121.967
1.49844 -5.90001 134.593
-3.31559 -39.1349 118.508
-3.07841 -64.2514 110.376
4.27527 49.421 114.071
4.02695 27.0408 107.997
2.57138 9.63258 124.578
0.662772 -9.15207 133.151
-3.69203 -42.2014 117.934
-3.14069 -67.7924 109.296
3.41521 46.5738 114.356
3.32772 24.6279 109.746
1.77642 7.23329 126.979
-3.51188 -23.267 117.967
-4.20801 -45.8202 115.1
-3.66307 -71.8775 107.083
2.95846 43.5124 114.192
2.65817 22.1494 112.095
0.977803 4.82895 129.392
-4.84699 -25.5262 120.205
-4.77244 -49.0817 113.28
-4.91755 -75.6636 103.957
2.31886 40.8994 113.726
2.1619 20.1334 114.115
0.379852 2.85595 131.367
-5.44329 -27.7175 119.797
-5.40569 -51.9473 112.86
-5.11545 -80.0638 99.6637
1.71188 38.4155 113.046
1.54203 18.1308 116.314
-0.408586 0.877885 133.225
-6.36467 -30.3639 118.432
-5.99867 -55.0586 112.373
2.42427 56.8234 112.307
1.36649 35.326 110.384
0.879444 16.2095 119.017
-1.09 -1.20491 134.572
-7.30775 -32.7105 116.712
-6.53699 -57.3771 112.093
1.8093 55.031 112.82
0.759352 33.5413 111.093
0.221919 14.6693 121.138
-1.66576 -3.0614 134.759
-8.03307 -34.436 115.882
-7.07308 -59.2329 111.596
1.17542 53.1796 113.337
0.195885 31.63 110.902
-0.396218 13.0577 122.758
-2.28639 -5.08141 134.329
-8.11899 -36.7721 116.424
-7.65894 -61.7472 110.249
0.500328 50.7185 114.114
0.00481489 29.0425 109.996
-1.15905 10.9348 124.307
-2.98475 -7.63607 133.599
-8.1873 -38.7117 117.593
-8.15433 -64.2464 108.824
-0.105002 48.8693 114.48
-0.248161 26.9649 109.21
-1.89211 9.28185 125.636
-3.30432 -9.8877 132.055
-8.72468 -41.3676 117.13
-8.61618 -67.2986 108.208
-1.07116 46.0206 114.573
-1.18415 24.4564 111.5
-2.75594 6.35055 127.908
-7.74639 -20.6361 117.825
-9.15973 -45.0574 114.211
-9.09618 -71.3515 105.916
-1.63046 42.0394 114.008
-1.86315 20.9636 114.13
-3.69713 2.252 131.3
-9.4942 -25.9238 119.173
-9.85776 -51.8049 111.905
-0.918933 57.2131 112.51
-2.61751 35.9266 110.374
-2.61657 16.2961 118.479
-4.63168 -3.42197 134.058
-11.3348 -33.0142 115.026
-10.2442 -58.62 110.554
-1.81036 51.547 113.838
-2.64311 30.0823 110.294
-4.12966 7.0967 126.294
-9.39202 -20.5328 117.147
-10.934 -44.4204 113.936
-10.8943 -70.8848 105.241
-3.03736 42.35 114.024
-3.44464 20.931 113.362
-5.50853 -1.67088 132.885
-12.1675 -31.7072 115.655
-11.3698 -57.4154 110.199
-2.87297 52.1409 113.694
-3.68884 30.5107 109.954
-5.19992 6.17621 126.362
-11.1068 -22.4282 117.043
-11.9606 -46.7129 112.332
-11.8975 -74.0431 102.66
-4.14614 39.5867 113.016
-4.53246 18.664 114.327
-6.74554 -5.26426 131.765
-12.5254 -37.607 115.383
-12.3942 -63.3452 107.262
-4.31356 47.9322 114.264
-4.65032 25.8323 108.463
-6.70515 1.52117 129.341
-12.9526 -27.8788 116.944
-13.0891 -54.3225 109.936
-4.20524 54.1235 113.232
-5.4067 32.6346 109.933
-6.61661 7.57995 123.222
-12.0852 -20.0492 115.797
-13.745 -44.2854 112.646
-13.6614 -71.4525 103.426
-5.7095 41.3914 113.426
-6.16699 19.4977 110.01
-8.03646 -2.49421 130.793
-14.9343 -31.6 114.177
-14.1015 -59.0856 108.129
-5.55569 50.4534 113.839
-6.33015 28.455 107.602
-7.78198 5.67885 123.504
-13.4438 -20.9127 115.67
-14.8611 -44.9013 111.61
-14.8029 -72.5657 101.722
-6.59001 38.7894 112.351
-7.36087 15.7014 111.418
-9.20991 -4.72769 129.244
-15.2817 -35.7731 112.406
-15.2698 -61.9106 105.789
-6.87612 47.0298 114.221
-8.05095 21.8919 105.049
-9.21747 1.75813 125.555
-15.3417 -25.4765 116.257
-15.9054 -51.8821 109.229
-6.63192 55.019 112.712
-7.95664 29.986 106.732
-9.04732 10.1604 116.093
-14.4774 -17.4886 115.335
-16.3585 -40.236 112.619
-15.9021 -67.4223 102.65
-8.05291 43.1658 113.657
-9.37124 17.4913 106.045
-10.4288 0.211246 125.072
-16.6656 -27.031 115.755
-17.0354 -52.6561 108.282
-7.65731 53.6149 112.999
-9.1874 28.309 104.367
-10.3596 8.54035 115.269
-15.6286 -17.9008 114.842
-17.4157 -40.9666 111.142
-17.4638 -68.4752 101.16
-9.05644 42.6819 113.329
-10.7455 17.2123 103.858
-11.5391 -0.173135 123.238
-18.0692 -27.9872 114.848
-18.1357 -54.1905 106.813
-8.69886 52.2151 113.086
-10.6194 26.4081 102.166
-11.5329 6.88871 114.143
-17.164 -19.9222 114.143
-18.5996 -42.7952 109.514
-18.5704 -71.1913 99.0214
-10.3797 39.6309 111.847
-11.9816 13.9576 105.554
-12.9236 -3.22655 124.649
-20.3469 -34.2134 105.331
-19.2187 -59.9183 103.462
-10.2697 46.9634 113.809
-12.5991 20.1212 99.5409
-13.0096 1.8472 116.055
-19.2809 -25.6391 113.862
-19.88 -50.2305 106.564
-10.0518 53.8113 112.399
-12.2016 27.4147 101.456
-13.2728 7.186 110.008
-18.8329 -19.9394 113.498
-20.3683 -42.945 108.096
-20.3162 -72.093 96.9493
-11.9798 34.8693 107.785
-13.8472 12.7762 104.225
-14.7016 -4.38515 123.387
-21.7562 -35.8822 104.884
-20.8913 -62.7261 100.454
-11.7952 45.6048 113.751
-14.5444 18.553 98.7984
-14.905 -0.0687694 113.722
-21.1889 -28.0752 112.563
-21.3869 -53.8606 104.043
-11.982 50.6732 112.969
-14.5206 23.1041 97.3283
-15.221 4.11428 109.148
-20.991 -24.3316 112.818
-22.0864 -48.4667 105.305
-12.1221 53.95 111.783
-14.6902 27.118 99.8087
-15.7684 6.9109 107.483
-21.3151 -22.4356 112.7
-22.644 -46.0229 105.697
-12.5596 55.3752 111.396
-14.9279 29.0054 101.057
-16.3553 8.11348 105.659
-22.0615 -24.378 112.084
-23.1199 -48.5809 104.445
-13.2913 53.4958 111.712
-16.1437 26.3536 98.4464
-17.0602 6.2713 106.459
-22.8055 -25.8396 111.389
-23.5233 -50.7469 103.096
-13.9193 52.6267 112.112
-17.5956 25.1403 96.6339
-17.7286 5.27597 106.381
-23.3566 -26.9794 110.838
-24.0202 -55.3048 101.037
-14.6095 49.3152 113.036
-17.3725 21.0837 94.9682
-18.6154 1.84468 106.931
-25.9433 -35.0741 100.998
-24.4191 -62.476 96.8872
-15.3379 42.0406 112.327
-18.7775 14.3989 98.2988
-23.2328 -16.6476 110.748
-25.5303 -41.9803 103.497
-15.1487 55.8987 110.61
-17.6665 29.4458 100.42
-19.3441 8.26916 103.185
-24.4712 -21.8512 111.254
-25.5721 -48.4237 102.144
-15.9666 51.6304 112.121
-18.7248 23.7935 95.7777
-20.2386 4.23011 105.108
-25.1537 -22.8526 110.895
-25.9937 -49.2678 101.214
-16.5332 50.1345 112.475
-19.2114 22.8327 95.4955
-20.961 2.8081 105.346
-25.4927 -21.4433 110.634
-26.6918 -45.9625 101.915
-16.9368 52.0854 111.643
-19.4091 24.9144 96.1888
-21.34 5.11369 103.952
-25.2247 -16.4307 109.021
-27.5048 -39.0412 101.192
-17.0667 57.3348 109.562
-19.088 32.0667 102.037
-21.6363 9.97062 100.427
-24.6065 -10.1158 106.44
-27.9221 -30.4716 105.143
-27.6729 -58.3865 95.5841
-18.3767 43.1809 111.929
-21.8313 16.3241 97.3925
-23.4425 -3.60444 103.549
-27.2116 -22.9835 109.569
-28.0942 -47.9049 99.6443
-18.5467 49.701 112.114
-20.6263 23.4854 96.0716
-23.1876 3.1004 103.953
-26.7332 -17.0748 108.208
-28.7255 -39.9858 100.742
-18.7817 54.937 109.934
-22.2145 28.5897 97.9999
-23.4018 7.77386 101.175
-26.7634 -12.6414 106.07
-29.578 -34.15 100.472
-29.6436 -63.7859 89.6204
-21.032 33.2342 102.737
-23.7175 10.8037 98.633
-26.743 -9.31836 104.807
-29.7454 -29.4348 105.486
-29.8184 -57.9947 93.2555
-20.491 41.619 110.19
-24.079 13.946 97.246
-26.4026 -6.1734 102.95
-29.5985 -25.5199 107.998
-30.0538 -52.4149 95.9171
-20.963 44.449 111.605
-24.4628 16.483 97.478
-26.4925 -3.56582 103.035
-29.6798 -23.1691 108.018
-30.4482 -48.8369 97.1257
-21.4316 45.5182 111.541
-24.9579 17.5518 97.4623
-26.9562 -2.43533 103.392
-29.9978 -22.305 107.807
-30.868 -47.5819 97.1817
-21.9217 46.0271 111.247
-25.4168 18.2378 97.4828
-27.457 -1.86811 103.444
-30.4888 -21.9317 107.484
-31.3973 -47.0731 96.9002
-22.468 45.5379 110.959
-26.021 17.7021 97.3557
-28.1519 -2.36385 103.283
-31.0472 -22.4074 107.196
-31.8924 -47.9951 96.1159
-23.0155 44.4836 110.548
-26.6102 16.7731 97.5926
-28.8483 -3.40823 103.045
-31.6782 -23.3061 106.975
-32.5143 -49.8275 94.7383
-23.6339 42.7462 109.389
-27.18 15.2676 97.3355
-29.5605 -5.16784 101.824
-32.3954 -24.8635 106.468
-33.5254 -53.2017 91.3463
-24.2696 40.4025 106.986
-27.7941 13.2397 96.7258
-30.6158 -7.10865 102.368
-33.1216 -27.0758 105.433
-34.6746 -58.5658 83.9881
-25.6932 32.5923 100.831
-28.5234 10.4145 97.1399
-31.8108 -9.90319 103.4
-34.0619 -30.6576 103.338
-24.5752 50.5725 108.929
-27.6117 24.334 97.2688
-30.0642 3.09987 101.314
-33.2721 -17.7112 104.492
-34.2936 -41.0988 97.9121
-25.6405 43.2095 108.491
-29.2563 16.4557 97.3084
-31.7702 -3.88575 102.341
-34.3087 -24.2591 105.05
-25.4191 55.8737 106.406
-27.7374 30.6076 99.4101
-30.3292 9.04553 97.3459
-33.719 -11.4869 103.105
-35.4829 -32.6278 101.718
-26.5071 47.7847 108.807
-29.3657 23.2302 97.2191
-31.8653 2.12165 100.85
-34.9567 -18.8326 103.776
-35.9519 -43.1145 95.2459
-27.4369 38.8055 104.781
-30.7984 16.03 96.8809
-33.5063 -4.42679 101.704
-35.8847 -25.2514 103.517
-27.0329 53.3538 106.237
-29.4972 31.2292 99.4565
-32.0044 9.01488 96.7343
-35.3803 -11.5599 102.486
-36.8373 -33.2266 100.263
-28.1875 46.1925 108.094
-30.9245 23.1613 96.9002
-33.5989 2.0759 100.158
-36.6228 -19.1163 102.601
-37.9295 -44.6943 92.174
-28.9645 37.9694 103.616
-32.3571 15.1237 96.4915
-35.3669 -5.65701 100.168
-37.4074 -26.7578 102.053
-28.7866 51.7604 105.616
-31.2149 29.7473 98.2555
-33.7749 7.67845 97.0345
-37.2321 -13.2328 101.851
-38.2495 -35.8337 97.7346
-29.9964 44.5197 106.868
-32.8294 21.0176 96.2373
-35.5392 0.551814 99.6556
-38.2995 -20.9092 101.501
-40.8059 -51.8818 78.5379
-31.0946 36.0661 102.258
-34.0076 13.0255 95.0162
-37.427 -7.6421 100.582
-39.0843 -29.4955 99.8913
-30.7145 48.3556 105.741
-33.407 26.1073 95.4936
-35.9027 4.40723 97.9063
-39.1815 -16.9348 100.669
-40.8449 -43.1446 88.8845
-31.4925 38.5959 102.8
-35.0344 15.7168 95.6612
-38.0682 -5.26812 99.0191
-40.1946 -27.1109 99.6448
-31.7346 49.7418 104.106
-34.097 27.9794 97.053
-36.7517 5.7503 96.5471
-40.2951 -15.6105 99.8198
-42.5652 -45.0749 82.807
-32.3755 40.6861 103.607
-36.1099 17.4453 94.6017
-38.7484 -3.14916 98.9574
-41.4088 -25.2776 98.6129
-32.5551 53.5127 101.805
-34.527 31.9355 98.375
-37.2754 9.36373 93.9349
-40.9282 -11.4744 99.2381
-42.7831 -35.9135 91.9934
-33.468 46.28 104.119
-36.3595 23.6572 94.4179
-39.0713 2.32913 96.9264
-42.305 -19.7578 97.8357
-45.2704 -52.4454 69.0299
-34.4399 37.8743 101.236
-37.6442 15.157 94.1758
-41.1087 -5.92948 97.6066
-43.422 -29.1277 94.7728
-34.3428 51.0765 101.126
-36.6002 29.1123 95.9419
-39.3325 7.00012 94.2774
-43.0708 -14.387 97.6981
-45.6489 -42.8928 78.2197
-35.1302 42.436 102.568
-38.6619 18.7823 92.0373
-41.4382 -1.72345 96.555
-44.3289 -24.8247 94.761
-35.2899 54.5522 98.8944
-36.9502 32.9925 97.8432
-40.3004 8.21076 92.7097
-44.1351 -12.8701 96.7264
-47.0314 -41.2037 76.6846
-36.1586 42.8378 101.927
-39.7193 18.0988 92.4958
-42.6986 -2.88584 96.0389
-45.8042 -26.7839 91.5491
-36.5725 51.9561 98.302
-38.611 29.9421 95.0074
-41.5319 7.73213 91.9895
-45.384 -13.6478 95.6493
-48.128 -43.693 71.7874
-37.3987 40.8761 100.712
-40.7417 17.5282 92.1188
-43.9276 -3.61441 94.9442
-47.319 -28.4368 87.2506
-37.7694 50.0707 98.0952
-39.8408 27.9728 93.4439
-43.0699 4.88629 92.5564
-46.9015 -17.5255 92.7385
-51.448 -50.9801 59.5418
-39.2047 36.5523 98.9077
-42.9402 11.4334 89.0186
-46.6236 -9.50424 94.6974
-49.8784 -38.6127 72.4957
-38.9878 42.2548 99.7869
-42.4639 17.3983 90.5467
-45.744 -3.92189 93.0226
-49.4065 -30.4246 80.045
-39.4881 45.0966 99.3356
-42.8291 19.233 88.2604
-46.0969 -1.69723 92.6064
-49.8231 -27.7074 81.2094
-40.1517 47.1047 97.5095
-42.7407 20.9123 86.0948
-46.2619 0.115564 91.5168
-50.1988 -25.1865 82.2066
-40.6986 48.994 95.4307
-42.6216 23.2226 87.741
-46.6731 1.5829 90.6422
-50.7289 -23.5458 81.9667
-41.286 49.4125 94.3954
-43.4329 24.3747 88.423
-47.1487 2.57926 89.9887
-51.365 -22.697 81.1371
-41.8728 47.9925 94.7597
-44.9283 21.9056 84.1645
-48.0735 0.854597 89.522
-52.1044 -25.0984 77.9627
-42.4326 45.6937 95.7258
-46.0299 20.3784 82.1078
-48.8136 -0.268228 89.0743
-52.8505 -27.0005 75.0097
-43.0547 41.7413 96.9621
-47.2434 16.5793 81.4728
-50.4716 -4.1263 88.4691
-43.137 56.7802 89.8052
-44.3237 35.2685 94.5027
-48.6108 11.6412 82.7609
-52.392 -10.389 86.157
-44.2661 49.7099 90.5594
-46.6699 26.9411 85.6481
-49.8683 5.06047 85.7016
-54.1864 -20.2541 76.296
-44.7219 42.1226 94.7864
-49.0756 17.2448 78.5323
-52.1873 -3.38247 86.0668
-45.1212 52.6359 88.4153
-46.8658 30.5157 88.0464
-50.9296 7.6073 82.4811
-55.3596 -17.0944 75.6219
-46.049 39.8665 94.0986
-50.6127 14.9974 77.5311
-54.3858 -6.52637 82.6891
-46.9282 45.9449 88.2307
-50.0177 22.172 78.2329
-53.3518 0.587261 81.4674
-47.5335 47.3966 86.6277
-50.3509 23.9303 78.5415
-53.7706 1.99733 80.0208
-48.4907 43.5922 86.4047
-51.8654 19.5822 74.8937
-55.5366 -1.96652 79.5122
-49.006 37.856 90.2203
-53.7016 13.0178 74.2261
-49.5433 47.0529 83.0017
-52.4684 23.4154 75.1823
-56.5054 1.41917 76.9064
-50.7099 34.95 87.2311
-55.7238 9.70162 72.7845
-51.6791 38.8335 81.211
-56.2555 11.441 70.6724
-52.6803 35.542 79.9386
-57.0601 11.0975 68.8
-54.0926 34.4313 75.613
-58.2194 10.2858 67.3353
-54.365 39.9659 73.2965
-58.1519 15.56 64.1051
-53.7205 48.6985 74.3638
-57.5971 24.6193 65.1938
-68.6902 -18.3607 23.1501
-57.7168 31.1796 64.7512
-69.7159 -14.4807 20.8291
-58.2559 34.1748 62.7057
-70.3808 -15.1564 20.5427
-59.3515 33.037 59.377
-71.0366 -17.4702 21.6878
-61.2817 28.6897 50.8601
-71.9942 -21.5793 20.2782
-64.0572 22.926 40.6875
-59.3055 44.9403 60.548
-68.1592 13.1136 21.0774
-62.017 37.8401 51.1715
-73.5604 -11.4475 18.9357
-64.891 29.9701 38.7625
-74.5124 -19.3256 18.5046
-69.4826 16.5519 20.6715
-65.3131 35.5788 40.4445
-75.1377 -5.01031 10.0291
-67.5425 30.1863 32.7183
-75.9963 -7.95599 12.7518
-69.2573 27.4545 27.1671
-76.4828 -5.31269 8.67844
-69.3621 30.1368 28.4805
-77.0434 -3.83034 7.15445
-70.1986 30.4234 26.4714
-77.6901 -3.96727 6.56539
-71.718 28.4127 21.5328
-78.3293 -4.08767 6.05156
-73.1059 26.1074 18.0119
-79.1758 -5.84918 6.26008
-74.3138 21.7086 16.397
-80.8314 -10.6094 5.58064
-78.3127 7.04484 4.41187
-74.8682 29.3172 15.4426
-81.1538 -4.2628 4.40976
-79.4531 8.271 3.92838
-76.7085 25.5954 13.6322
-77.3301 24.5244 14.2511
-82.7717 13.9732 -3.72445
-85.0921 7.66712 -7.1566
-87.5391 0.416823 -6.40581
-86.4533 12.5276 -8.38875
-87.078 18.0179 -6.99118
-89.0387 16.9939 -8.75122
