-53.5829 31.2763 82.4265
-53.9736 11.5666 79.9795
-57.7248 -19.3321 73.7185
-54.5154 -42.0315 73.9324
-52.7189 12.8485 81.0687
-57.1974 -18.032 74.8887
-54.3348 -41.6213 74.5114
-51.1984 14.7002 82.0551
-56.6316 -16.0667 76.2467
-54.2169 -40.7635 75.1713
-49.7259 16.4146 82.3062
-56.1554 -14.1113 77.7105
-54.0149 -39.6354 75.6527
-48.2405 18.0419 82.3435
-55.6759 -12.0327 79.3303
-53.6226 -38.2707 76.289
-47.0347 19.5385 83.3682
-55.0514 -9.95323 80.6022
-53.2771 -37.1104 77.1627
-45.8348 21.0351 83.851
-54.4201 -7.73231 82.4435
-52.82 -35.5165 78.3305
-45.3067 22.2511 84.7407
-53.6921 -5.58867 83.7867
-52.2969 -34.1603 79.2325
-45.8274 23.0625 85.8012
-52.7774 -3.18939 85.1384
-51.7663 -32.6235 80.5005
-46.8164 24.0176 87.3885
-51.693 -0.826295 86.5917
-51.1731 -30.9439 81.8443
-47.5071 25.043 88.5429
-50.5744 1.5659 87.2404
-50.4909 -29.2281 83.1182
-48.4185 26.5312 88.9844
-49.2058 4.009 88.2982
-49.9511 -27.5182 84.3192
-49.0682 28.2723 89.3261
-47.9176 6.47804 88.9435
-49.2064 -25.6199 85.9298
-49.8608 30.1157 89.7831
-46.6315 9.03051 90.0548
-48.6841 -23.7903 87.1784
-50.7586 32.4113 90.2318
-45.0651 11.5222 89.9567
-48.2606 -21.5493 88.6064
-49.1892 -46.2363 78.8705
-43.7664 13.9166 88.9119
-47.6609 -19.5657 89.6799
-48.39 -45.4017 80.7957
-42.7724 16.0864 89.4302
-47.0634 -17.3811 90.9988
-47.696 -44.26 82.7391
-42.915 18.2284 92.6377
-46.5105 -15.0608 92.4544
-46.7587 -43.3195 84.9578
-42.3278 20.3501 92.5021
-45.7851 -12.8243 93.789
-46.1428 -42.0564 87.0431
-40.6651 22.2355 89.4033
-45.0506 -10.236 94.9517
-45.4726 -40.9675 88.982
-39.7791 23.5487 87.3946
-43.9481 -7.85912 95.7536
-44.5412 -39.6195 90.9968
-39.4483 25.1001 88.6013
-42.9037 -5.42556 96.2175
-43.9492 -38.4191 93.0509
-39.2181 25.8863 89.0761
-41.7167 -3.13925 96.4693
-43.0778 -37.0096 95.3748
-39.0192 26.1491 90.6417
-40.3985 -0.622487 96.6041
-42.0642 -35.4655 97.435
-38.8869 26.9545 91.7809
-39.0213 1.81703 96.6532
-40.7056 -33.6856 99.4734
-39.5198 27.4714 93.2663
-37.9748 4.47464 96.6271
-39.8329 -31.6698 101.214
-40.5573 28.4575 95.4309
-36.9734 6.95085 96.9164
-39.0088 -29.3123 103.059
-41.3221 30.0612 96.922
-35.9432 9.49919 96.7392
-37.9971 -26.7237 104.137
-42.4939 32.8601 98.4867
-34.5755 12.1546 95.4087
-36.9745 -23.8799 105.211
-40.5366 -52.593 87.7553
-33.4882 14.5525 94.5256
-35.8226 -21.2264 105.807
-39.8012 -51.3166 91.0375
-32.7038 16.7791 94.6697
-34.7668 -18.4222 106.185
-39.2315 -49.9895 94.0012
-32.2192 18.9537 95.8821
-33.3059 -15.7011 106.137
-38.1642 -48.8421 97.2365
-31.3423 21.0936 95.4073
-32.0647 -12.9328 105.777
-36.993 -47.5296 100.203
-30.3278 22.8236 95.7662
-31.0302 -10.4477 105.591
-35.7936 -46.1567 102.71
-29.6607 24.8994 96.0052
-30.0259 -7.89768 105.094
-34.4346 -45.0265 105.403
-28.6829 26.8892 94.276
-28.5884 -5.50288 104.608
-33.0193 -43.9047 107.586
-28.0962 28.4589 93.456
-27.5155 -3.10313 104.053
-31.4239 -42.9384 109.902
-27.8996 28.7266 93.239
-26.6401 -0.573853 103.757
-28.8188 -41.1871 112.239
-28.4404 28.2822 94.0047
-25.86 1.97173 103.214
-25.02 -39.6299 114.244
-28.6434 28.7679 97.0296
-24.8189 4.63404 102.864
-23.6611 -37.4354 116.846
-29.1454 30.8151 99.3566
-23.8634 7.09331 102.572
-23.4684 -33.9337 118.573
-29.1038 33.0343 101.318
-22.8323 9.61878 101.954
-22.974 -30.5372 118.833
-28.9968 35.8402 103.326
-21.7958 11.9188 101.563
-22.3893 -26.9982 118.624
-28.7413 -57.9332 101.48
-20.6645 14.3568 100.424
-21.5237 -23.6388 117.622
-27.4448 -55.5665 105.735
-19.8073 16.7627 99.2005
-20.0349 -20.5837 115.94
-25.7181 -52.9561 110.129
-19.7594 19.3445 98.3444
-18.1494 -17.9992 113.329
-23.7253 -49.6618 113.316
-20.0715 21.4487 97.6359
-18.1028 -15.8633 113.26
-21.4788 -46.0204 116.208
-19.9145 22.4344 95.9442
-20.0272 -13.6995 115.136
-19.4909 -43.3331 117.344
-19.2909 22.8891 95.1014
-21.0013 -11.6293 116.413
-18.6833 -42.9986 118.066
-18.8907 23.0032 95.7238
-20.807 -11.7928 117.537
-18.3404 -45.0641 118.372
-17.3025 22.345 98.339
-17.7695 -14.9318 116.099
-19.0566 -51.2188 116.651
-14.73 20.561 102.14
-14.2436 -17.6266 116.29
-18.6076 -57.3589 111.839
-13.6981 18.488 105.66
-13.8786 -21.4412 120.529
-13.8386 39.7384 107.589
-13.8131 16.5258 109.499
-13.1272 -25.6163 123.808
-12.8067 36.3975 106.5
-14.131 13.5444 113.2
-11.3884 -31.4102 126.846
-12.0652 33.4037 105.145
-14.2121 8.86936 118.022
-10.42 -36.1754 123.186
-11.2128 29.9481 103.272
-15.0251 2.62966 123.371
-10.9269 -39.2527 119.893
-10.8281 27.4417 105.162
-16.2438 -5.10919 127.219
-11.2429 -45.3434 122.693
-9.79424 25.9987 107.856
-9.61064 -5.66087 120.594
-9.46612 -54.2476 115.356
-8.95191 24.0877 111.239
-8.92735 -18.3306 121.842
-9.02944 -62.8121 110.78
-8.80955 21.2399 115.047
-7.35101 -24.7774 124.209
-4.48013 37.2491 110.702
-8.48536 17.0783 119.736
-6.13264 -31.6036 127.831
-3.42182 33.8838 110.386
-7.8675 11.7076 124.464
-4.38115 -36.4186 123.6
-2.58947 31.285 111.004
-7.63923 4.96318 131.434
-3.66077 -40.0323 121.003
-1.21324 29.6618 110.957
-5.68677 -5.58653 135.558
-2.07838 -46.5037 121.911
0.482997 28.0615 109.529
-2.72307 -12.3755 122.729
0.0824814 -54.4918 114.618
1.33315 25.6365 110.797
-1.57111 -18.1132 121.264
2.25274 -63.136 110.229
1.92343 21.8068 114.46
-1.15841 -25.147 125.528
5.34957 37.7852 110.439
2.80481 17.0915 116.552
-0.185646 -31.6638 127.759
6.95742 34.5267 107.654
2.86558 10.7213 120.773
1.58928 -36.4995 123.564
8.42957 31.0784 104.427
4.35992 3.38945 123.853
4.34978 -40.4262 119.243
9.34457 27.8601 100.995
6.48965 -5.18947 124.665
7.00685 -45.4959 119.578
9.42602 25.1842 101.274
4.89957 -6.77485 119.39
8.94566 -54.124 113.864
8.77952 21.912 105.109
4.07391 -19.0005 119.835
11.9703 -61.8118 107.15
9.29906 18.0197 107.96
4.82505 -24.9049 122.755
14.6588 37.1348 106.436
9.81476 13.5888 109.636
5.00308 -32.2027 125.309
15.8271 33.4116 102.82
9.77559 7.61783 112.258
7.45708 -37.3512 121.568
17.0836 28.6543 97.011
9.8638 0.839116 114.043
13.0601 -40.9833 112.59
18.6572 24.8981 93.7443
12.5645 -4.81941 115.988
14.093 -43.4069 113.014
18.0259 23.6762 93.8767
14.0359 -10.7398 117.13
15.1533 -45.1721 112.613
18.2537 22.6837 95.4432
12.6494 -14.2595 115.18
16.6334 -47.6558 111.685
18.1108 21.9263 96.8156
11.5258 -15.5624 114.103
18.2846 -49.4098 110.317
18.5018 21.4773 97.1872
11.516 -16.0629 112.871
19.0687 -48.3983 110.114
19.8621 22.689 96.2102
13.0546 -14.2408 112.488
19.3413 -46.6308 110.311
19.5632 23.5625 95.0214
14.5016 -10.9397 110.898
20.3051 -45.6429 109.776
20.2763 25.7489 94.9805
14.9473 -7.69577 109.022
22.0654 -45.4502 109.138
22.0642 28.5295 93.8606
15.9994 -5.058 106.5
22.708 -44.3767 109.425
24.3977 29.564 93.9515
18.1347 -2.28867 105.371
22.3238 -42.692 111.277
26.1759 29.5828 94.3905
19.5362 0.236574 104.232
21.0463 -40.9881 112.298
27.7293 29.6828 95.6474
21.0417 2.62596 102.798
19.941 -39.48 113.781
29.9618 30.7199 97.7031
22.378 4.97793 101.408
21.8551 -35.9633 114.963
32.9306 32.8311 98.5898
23.7786 7.18944 99.8101
23.5298 -32.1551 113.848
36.1436 36.1058 98.9839
25.1462 9.6611 98.7873
24.654 -28.4445 111.683
38.5303 39.8183 99.216
26.4021 12.3705 98.4971
25.2823 -25.0013 110.13
33.7674 -54.2656 88.6585
27.7457 15.267 96.9501
25.8289 -21.6433 107.691
34.3445 -52.2068 89.6952
28.7144 17.9435 96.2909
26.5174 -18.2906 104.881
34.7399 -50.3821 91.3604
29.8534 20.3477 95.0424
27.1548 -15.5731 102.842
35.1937 -48.7068 92.8772
30.3902 22.0404 94.6131
28.2306 -12.8623 101.055
35.3772 -46.9687 94.02
31.7507 24.4755 94.053
29.2799 -10.5734 99.7339
35.6371 -45.21 94.7536
33.0121 26.4623 93.8009
30.349 -8.14929 98.7012
35.5466 -43.4462 95.4504
34.1784 27.6161 92.9486
31.4159 -5.98449 97.9624
35.5467 -41.5087 95.8539
35.2789 28.1618 92.0567
32.5713 -3.679 96.5602
35.7186 -39.3224 95.9263
36.645 28.4102 91.8764
33.7507 -1.25469 95.2773
35.713 -36.9547 96.5234
38.6112 28.9412 92.3285
35.0131 1.15439 94.2566
35.5279 -34.6019 97.3723
41.2948 29.6456 93.7344
36.3214 3.6675 93.5218
36.1974 -31.8738 96.5153
43.7304 30.7994 94.4728
37.5295 6.43464 93.237
36.7199 -29.2164 96.1254
45.6448 32.7782 93.2019
38.3519 9.50994 92.2581
37.4091 -26.6251 94.9401
48.6274 36.2804 92.9069
39.0834 12.3526 91.0523
38.2511 -23.7449 92.9731
42.8084 -48.791 78.2352
39.5991 15.1228 90.4551
38.9999 -21.0703 91.2465
43.0278 -46.9114 78.76
40.3312 17.7648 90.1307
39.8639 -18.4911 89.9044
43.2541 -45.0976 79.1988
40.73 20.1466 89.3469
40.7797 -16.0739 88.6268
43.3643 -43.4501 80.0118
40.6869 22.2526 88.2756
41.7541 -13.6797 88.1515
43.4389 -41.8688 80.659
39.8192 23.8685 87.4602
42.5026 -11.3651 87.4365
43.6627 -40.1483 80.8891
40.0307 24.8017 86.8866
43.2442 -9.1424 86.9911
43.9006 -38.2489 80.8045
41.0531 25.3463 87.2564
44.3054 -6.64753 86.3912
44.2965 -36.4226 80.8168
43.6573 26.0218 87.042
45.0606 -4.21206 85.8659
44.7415 -34.3746 80.3648
45.7662 26.5472 88.0111
45.6807 -1.5105 85.6787
45.0241 -32.3056 80.0046
47.7827 27.5592 88.0059
46.3163 0.995384 85.2809
45.5906 -30.2807 79.6235
49.3463 29.2667 87.1698
46.8939 3.70496 84.4043
46.0148 -28.3096 79.0993
50.6876 30.8505 86.5846
47.0988 6.53356 83.8989
46.7083 -26.2701 78.6399
51.9838 32.6139 85.1188
47.3325 8.98728 84.1274
47.5216 -23.9854 77.8682
52.9571 34.2967 83.1482
47.4712 11.3217 83.8341
48.3221 -21.8704 76.8586
49.4616 -44.0734 70.4797
47.5022 13.5785 82.858
49.2152 -19.7312 76.2903
49.6174 -42.8229 70.8152
47.4382 15.6553 81.4441
50.1338 -17.4643 75.4743
50.0112 -41.4341 70.7353
47.2677 17.5583 80.5087
50.9915 -15.2101 74.7528
50.5534 -40.1299 70.1767
47.4471 19.254 79.947
51.8678 -12.944 74.0854
51.0801 -38.5865 69.5719
47.9445 20.9028 79.781
52.6274 -10.6332 73.5674
51.6365 -36.9352 69.0726
49.0734 22.3236 80.9443
53.2829 -8.1997 73.2315
52.3527 -35.3343 68.6123
-65.7235 -17.2373 -10.5543
-69.8252 -8.94861 -10.5824
-67.1467 -14.5285 -8.33497
-64.908 -19.7043 -7.48059
-63.9171 -24.1136 -6.82502
-63.4992 -27.1664 -6.31639
-63.3262 -28.8527 -5.78493
-63.3427 -27.6224 -4.90099
-63.3858 -25.6003 -3.98917
-63.5998 -22.7616 -3.07154
-66.0773 -16.951 -2.16734
-70.7488 -10.1358 -3.33128
-75.4985 -2.5029 -6.72871
-79.6741 6.50067 -10.6962
-62.6976 -24.2036 -0.029414
-68.2356 -14.3072 -0.0833669
-75.7979 -2.96772 -4.98909
-62.5831 -34.6332 0.463896
-63.5457 -20.9931 2.36829
-72.4734 -8.74319 -1.27039
-80.7386 5.88625 -7.63692
-61.6446 -24.9229 4.14042
-70.7808 -11.6679 1.06227
-80.722 4.76677 -6.14885
-61.3509 -26.1134 5.6705
-72.1202 -10.2423 0.88947
-83.4353 10.5587 -6.7045
-63.7213 -21.8699 6.56696
-77.093 -3.26875 -2.21917
-61.3654 -35.2809 6.77959
-68.6416 -15.9332 4.96011
-83.2083 7.60275 -4.64314
-62.2635 -24.9425 8.56365
-76.9242 -4.6822 -1.41223
-61.0726 -36.2744 8.93895
-69.5014 -15.689 5.59118
-85.61 13.0443 -5.1392
-65.1219 -22.2949 9.54971
-82.1062 2.24623 -4.2268
-61.7761 -29.1432 11.186
-76.4564 -7.32751 -0.677459
-60.9827 -37.6701 11.718
-70.5912 -15.768 5.95046
-87.0479 19.7557 -4.32942
-68.0334 -19.692 9.82944
-87.7358 14.695 -6.35833
-66.2551 -22.9072 12.1208
-86.8979 8.28237 -7.65413
-64.7543 -25.8087 13.7367
-85.7379 1.45135 -7.89629
-63.5507 -28.6833 14.7632
-83.9867 -3.95634 -7.25946
-63.2322 -31.3514 15.5876
-82.6407 -7.881 -6.23762
-63.1157 -33.4924 16.3514
-81.95 -10.3587 -5.61891
-63.1783 -34.7749 17.0645
-82.4632 -11.6658 -5.23623
-63.4222 -35.0979 17.7329
-84.1513 -11.8336 -5.70118
-63.8814 -34.4981 18.3446
-86.5476 -10.4932 -6.60064
-64.5487 -32.9339 18.9068
-88.5573 -6.49018 -8.85782
-65.363 -30.597 19.433
-90.8857 2.26986 -11.0786
-66.2633 -28.1958 19.6618
-94.0717 14.4514 -11.5497
-67.3221 -26.343 19.1415
-93.4044 24.8723 -7.96203
-68.695 -24.3373 18.5093
-89.8502 28.3279 -0.87463
-70.4903 -24.1938 16.2442
-87.451 28.6852 4.24742
-76.1379 -24.0105 9.21033
-63.8326 -43.0054 23.7229
-84.0485 -15.4491 -0.808156
-65.8976 -35.0638 23.4625
-88.3808 9.56735 -7.26289
-67.4274 -28.184 22.5398
-93.4595 29.5326 -0.580806
-69.7174 -24.5852 20.4633
-86.813 28.9428 7.17132
-77.6383 -24.3197 12.9592
-64.8098 -43.0422 26.4401
-85.7948 -8.02257 -0.314956
-67.1875 -32.1507 25.1032
-90.7372 26.0317 0.13469
-69.1423 -25.2607 23.202
-86.216 28.6563 9.30238
-76.3825 -22.9218 16.2821
-65.2535 -43.6451 28.5839
-82.0973 -2.99166 0.900186
-67.8383 -31.1288 26.3058
-91.9082 28.3884 8.16423
-69.7043 -24.4565 22.6523
-82.0931 33.1317 16.4453
-79.202 -15.2665 11.491
-67.0737 -38.1799 29.5175
-82.2205 18.3535 5.89472
-69.1652 -25.8731 26.2036
-81.8952 29.536 15.5205
-74.649 -18.1439 17.5953
-66.882 -41.1229 31.6516
-79.3601 13.8571 8.10115
-69.2458 -26.5383 27.6465
-80.2923 29.5335 18.3758
-73.5945 -16.6662 18.1772
-67.4037 -40.6306 33.0142
-80.8711 15.2552 11.6507
-69.6548 -25.0492 27.9774
-78.6082 32.3744 24.2274
-75.5514 -11.0648 16.1666
-68.4083 -36.9348 33.3984
-81.2065 20.128 16.2877
-70.1739 -21.5648 26.6193
-76.0718 37.9306 31.5531
-74.2401 1.47532 15.2874
-69.5741 -30.8841 32.5992
-77.0604 26.9354 24.1109
-71.1475 -15.0534 23.1053
-67.7745 -42.1649 37.3893
-76.6716 15.1959 18.3036
-70.5104 -23.0988 30.1905
-74.4354 36.5842 34.9499
-73.6239 0.923129 19.9315
-70.0672 -31.2552 35.4327
-75.0512 29.198 30.8496
-71.909 -10.3457 23.968
-68.9103 -38.4146 38.8729
-74.3361 22.2351 27.4596
-71.5665 -16.7656 29.7802
-66.9218 -45.7761 41.5777
-72.9706 15.2868 26.0023
-71.4001 -21.9018 33.6876
-71.0651 40.1218 43.2978
-72.1448 8.32996 27.5346
-71.0378 -26.3121 36.8241
-71.2123 35.6392 41.5892
-73.0022 1.90797 30.3692
-70.5184 -30.2323 39.3853
-71.2637 31.8404 40.3508
-73.134 -3.15869 30.7242
-69.8282 -33.6115 41.184
-71.16 28.7091 39.6828
-73.0368 -6.81034 32.2041
-69.12 -36.4648 42.9251
-70.7777 27.6013 40.662
-73.0488 -7.64948 33.989
-68.8508 -37.2005 43.9659
-70.3198 27.1872 42.0139
-72.9724 -7.62953 34.9606
-68.7208 -37.2026 45.0101
-69.7099 27.4381 43.7782
-72.9221 -6.76074 36.1333
-68.7798 -36.4924 45.5324
-68.8732 29.0068 46.2077
-72.6756 -4.14758 36.4952
-69.1384 -34.3836 45.8707
-68.0283 30.5068 48.6434
-72.418 -1.58993 37.7608
-69.3824 -32.3234 45.9397
-67.3012 31.9238 51.3407
-72.0438 0.918745 39.0363
-69.5984 -30.2816 46.059
-66.5458 33.3323 53.7267
-71.5224 3.33488 40.8693
-69.6503 -28.2617 46.4653
-65.7895 34.7424 56.2642
-71.0208 5.65211 42.8508
-69.8308 -26.2775 46.7232
-65.0717 36.0914 58.6757
-70.4762 7.8576 45.1242
-69.8609 -24.2737 47.345
-64.3539 37.4099 61.2275
-69.8925 10.0167 47.7342
-69.8874 -22.2797 47.6503
-63.6304 38.7306 64.3403
-69.1517 12.0872 50.1479
-69.7902 -20.2497 48.1349
-62.7825 40.0894 66.9296
-68.4558 14.0237 52.7332
-69.5739 -18.1923 48.7301
-62.6709 -46.5798 56.6544
-67.6513 15.8438 55.2634
-69.3596 -16.1148 49.7938
-63.4597 -44.3937 56.6453
-66.9108 17.5604 57.9383
-69.0316 -13.9968 50.6624
-64.0273 -42.2226 56.7923
-65.9855 19.2509 59.6539
-68.7724 -11.856 51.6818
-64.4652 -40.131 56.9737
-64.9006 20.8441 61.409
-68.2614 -9.68627 52.9817
-64.7956 -38.0964 57.2682
-63.8256 22.4438 62.4172
-67.7385 -7.46953 54.084
-65.0587 -36.1142 57.4269
-62.717 23.9385 63.7454
-67.1773 -5.25234 55.2336
-65.1788 -34.1607 57.9071
-61.7587 25.3891 65.5456
-66.5546 -3.04216 56.8999
-65.2659 -32.2691 58.2566
-60.9354 26.8848 67.4026
-65.9491 -0.892047 58.6955
-65.2812 -30.3963 58.5985
-60.103 28.2821 69.1253
-65.3312 1.22001 60.8156
-65.1155 -28.5133 59.1788
-59.3841 29.6312 70.8361
-64.6923 3.36319 62.7707
-64.8789 -26.6448 59.8159
-58.6625 30.9044 72.4049
-63.9486 5.46112 65.1954
-64.5029 -24.7403 60.4613
-57.9561 32.1064 73.7866
-63.2222 7.53816 67.5568
-64.0845 -22.8423 61.44
-57.2124 33.2269 75.2958
-62.3371 9.51661 69.8367
-63.6423 -20.9472 62.5518
-56.5228 34.2092 76.8578
-61.2943 11.4639 71.8072
-63.0615 -18.9848 63.3877
-57.3488 -43.5543 69.1177
-59.9712 13.2713 73.4132
-62.4295 -17.0539 64.659
-57.8577 -41.9932 68.9628
-58.4879 15.0933 74.6196
-61.8286 -15.1197 65.7398
-58.1961 -40.4695 69.0843
-56.8871 16.729 75.1592
-61.2683 -13.1322 66.8491
-58.4393 -38.9926 69.2724
-55.3215 18.3288 76.1151
-60.8121 -11.1258 68.6301
-58.5217 -37.5133 69.5889
-54.1617 19.6598 77.6447
-60.3043 -9.07325 70.0396
-58.4536 -36.0254 70.1112
-52.9413 21.0108 79.4762
-59.6881 -6.96839 71.866
-58.2844 -34.4381 70.681
-52.3178 22.0368 81.2103
-59.1097 -4.86553 74.0413
-58.1526 -32.7874 71.5857
-51.9359 23.2432 82.4633
-58.3147 -2.69587 75.6959
-57.8529 -31.2317 72.2535
51.3105 25.5999 82.0526
53.7799 -2.50162 74.1709
53.2363 -31.3518 68.1146
52.2919 27.2731 80.842
54.3882 0.030519 74.05
53.8459 -29.5913 67.326
53.0634 28.9551 79.8964
54.7649 2.61583 74.0287
54.5148 -27.6548 66.4725
53.7807 30.6846 78.9842
55.1952 5.21297 73.7684
55.0559 -25.6813 65.4517
54.399 32.3153 78.3422
55.6148 7.6532 73.587
55.6285 -23.6614 64.3551
54.8066 34.0028 77.9798
56.0067 10.0929 73.3566
56.2779 -21.6281 63.2387
52.8734 -43.7393 65.3931
56.4891 12.3722 73.1232
56.8544 -19.5149 62.1544
54.0435 -42.8519 64.1696
56.6667 14.5726 72.0835
57.4019 -17.3153 61.0462
55.2597 -41.7302 62.6861
56.8021 16.7447 70.5105
58.003 -15.0159 60.061
56.242 -40.2995 61.3633
56.9187 18.838 68.999
58.685 -12.6861 59.4771
57.1555 -38.8102 60.1473
57.2373 20.8467 68.3241
59.4258 -10.3101 58.8835
57.937 -37.2344 58.7617
57.7601 22.8176 67.9735
59.9544 -7.87984 58.4239
58.796 -35.5823 57.3583
58.1905 24.8741 67.4743
60.6132 -5.37583 57.5978
59.6381 -33.891 55.9778
58.7303 26.9982 67.1785
61.2807 -2.8936 57.4217
60.5118 -32.1325 54.6317
59.2981 29.0496 67.2398
61.9291 -0.374554 56.9748
61.1027 -30.2572 53.43
59.9027 31.0851 67.8241
62.4438 2.20835 56.5529
61.8256 -28.3688 52.2102
60.427 33.1676 68.4133
63.0449 4.79446 56.3862
62.332 -26.3871 51.1762
60.7134 35.2833 68.7912
63.5626 7.34463 56.0692
62.8728 -24.401 50.0083
60.7233 37.4434 68.5959
63.9706 9.83748 55.7554
63.3958 -22.3563 48.7893
60.6771 39.6037 68.5489
64.2576 12.2943 55.6165
64.0205 -20.2781 47.6917
58.5561 -46.5514 53.8223
64.5695 14.7217 55.2918
64.5234 -18.1397 46.8266
59.7549 -44.9225 51.8425
64.8474 17.1166 55.1714
64.9387 -15.8896 45.5428
60.8431 -43.2182 50.1112
64.9712 19.514 54.3883
65.543 -13.6075 44.6134
61.7644 -41.4221 48.5201
65.0242 21.9059 53.5949
66.0731 -11.2345 43.3602
62.7175 -39.5706 46.9344
65.1451 24.2617 53.204
66.6607 -8.78426 41.8229
63.5136 -37.6604 45.6726
65.0978 26.6705 52.3234
67.2211 -6.2158 40.124
64.297 -35.7333 44.1366
65.1504 29.0501 51.8237
67.6839 -3.52698 38.7719
64.8509 -33.7929 43.0608
65.2885 31.4128 51.5967
67.9942 -0.744209 37.5287
65.3913 -31.8639 41.4699
65.4312 33.7972 51.3883
68.1568 2.10668 36.5777
65.7812 -29.936 40.1737
65.5862 36.2325 51.3406
68.2418 4.96051 35.9605
66.2806 -28.0241 39.0268
65.8257 38.6494 51.4312
68.3291 7.80143 35.2628
66.7054 -26.0579 37.3246
66.0712 41.19 51.3056
68.3263 10.6734 34.8859
67.1039 -24.1 35.8404
66.487 42.3639 50.6743
68.4719 11.8193 33.5394
67.343 -23.4528 34.5313
66.966 42.88 49.529
68.6648 12.1614 32.0139
67.4937 -23.4942 33.6775
67.4649 42.6723 47.9763
68.8631 11.6201 30.2626
67.5488 -24.1956 33.2012
68.0422 41.7141 45.9621
69.0524 10.1678 28.5484
67.48 -25.496 32.2955
68.7709 38.7965 42.4257
69.1559 5.71576 26.7774
67.087 -28.6753 32.4005
69.6894 35.1107 38.347
69.2707 -0.135575 24.671
66.6131 -32.4608 32.3761
70.8499 30.5895 33.6287
69.0792 -7.16922 23.3519
65.944 -37.1275 33.2534
71.7336 25.1651 28.2771
68.2877 -14.5452 24.0814
64.63 -42.883 34.0978
71.5013 18.4826 22.6165
67.6258 -20.9832 25.5911
71.1885 42.5251 37.6224
70.5472 9.57279 18.1747
67.0514 -27.2763 27.3846
72.6855 35.1652 30.8302
71.0722 -2.57051 17.396
66.3513 -34.0754 28.6268
74.0111 25.4393 21.7093
67.3714 -16.687 20.4826
64.324 -44.2953 30.9489
75.3202 12.83 13.6868
66.6867 -25.9728 24.0709
74.5815 34.2611 25.6024
71.9344 -6.72029 13.3213
65.8001 -35.7698 26.6679
77.7707 22.2958 13.0437
66.7532 -20.9185 20.5174
62.7768 -49.1116 29.7689
71.7491 3.99417 9.55044
65.9445 -30.9408 23.5806
77.6134 26.8795 13.8851
67.7481 -19.0441 16.5529
63.9286 -44.6773 27.0322
75.5078 10.1743 7.31097
65.9399 -29.0544 22.2107
78.5263 28.2699 12.0155
69.4191 -19.518 14.8165
63.8924 -43.5578 25.2756
76.7944 10.5828 4.59532
65.7306 -29.3895 21.3642
81.151 27.6616 8.64508
69.895 -21.9929 16.1069
62.5801 -47.5533 24.7155
74.1268 -4.39573 0.15223
64.8995 -33.7534 20.9664
87.7493 27.2893 4.18229
66.2929 -25.5531 18.1063
79.8971 32.1609 9.7332
75.4683 -18.6109 7.15442
63.7278 -40.1236 21.2996
83.2387 11.1043 -1.92683
65.1525 -29.7226 19.1771
86.2672 29.8737 2.78452
67.1509 -26.2599 15.6381
80.9082 33.0433 7.22941
78.0886 -19.5718 2.65024
63.3207 -39.4699 19.5212
84.7426 5.64571 -6.53086
64.6528 -30.7186 18.0431
90.4836 28.9516 -4.43062
66.2683 -25.5991 16.3463
82.9991 28.1488 1.33282
71.8681 -26.0624 9.23121
61.4565 -46.0597 18.4032
80.4776 -18.1999 -3.60425
62.9318 -37.5571 17.2063
85.3201 0.758118 -11.5939
64.1022 -30.9731 16.4151
90.1673 19.2657 -13.2583
65.0284 -27.3128 15.1226
88.299 26.6189 -9.06184
65.9879 -24.7912 13.9446
84.9752 27.0465 -4.66936
67.2993 -24.1599 11.4095
83.2384 26.8831 -2.79791
69.2344 -23.2938 7.09534
83.1789 28.692 -2.415
71.6192 -21.8207 2.74741
60.4012 -44.3974 13.8864
73.7963 -19.6701 -0.514611
60.5613 -42.1464 13.2713
74.8651 -17.737 -2.45377
60.5557 -40.8814 12.6811
74.8327 -16.3569 -2.83549
60.4365 -40.5848 12.0709
73.7343 -15.8519 -1.9139
60.146 -41.2743 11.4357
71.9909 -16.3634 0.242534
59.7276 -42.959 10.7459
69.9362 -17.8694 2.99724
82.8441 24.7513 -6.41057
67.6874 -19.0814 5.88038
82.8066 21.1023 -7.06472
66.1678 -20.8004 7.36443
83.7322 16.5206 -8.74145
64.4058 -23.1594 8.07154
82.3421 8.75837 -8.81778
62.032 -26.6589 8.37002
78.9461 -0.954522 -6.57769
60.1133 -32.3386 7.70209
73.1729 -9.20191 -1.77136
59.4326 -40.8115 6.30821
67.2086 -17.4588 3.88191
81.7699 13.6113 -8.0217
63.342 -23.0951 5.92789
78.1453 1.54787 -5.69071
59.7577 -31.0748 5.61583
70.9221 -10.9486 -0.620539
81.2998 16.3272 -9.76523
64.6969 -20.2206 3.82122
77.8924 2.51235 -5.95707
59.6921 -29.8948 4.23644
69.9128 -11.7124 -0.68448
79.9856 11.017 -9.57953
62.4055 -22.9179 3.03187
73.9781 -4.33847 -4.57691
59.8382 -38.0582 0.479739
63.9442 -20.327 1.56927
73.4777 -4.65967 -5.15667
60.0073 -38.4088 -1.10491
62.7137 -21.8901 0.601753
71.104 -8.36745 -4.36822
77.1972 5.5466 -11.299
60.4935 -26.8638 -1.10857
67.109 -14.7123 -2.57199
73.1247 -3.8065 -7.8797
76.8605 6.70857 -13.6437
61.1273 -25.6523 -3.34632
65.9304 -16.2732 -4.03964
70.1951 -8.65593 -7.24905
73.0509 -2.5074 -10.8872
74.3336 1.40037 -13.701
60.9981 -30.5838 -7.10381
61.4506 -27.2442 -7.32999
61.8229 -25.5213 -7.86789
61.6488 -26.8859 -8.76986
61.3008 -28.9387 -9.79416
70.7634 -4.715 -14.1704
67.9162 -10.5671 -12.6265
63.7303 -19.4804 -12.0711
64.5719 -17.1467 -13.7923
-58.824 38.6165 72.7878
-54.467 33.5175 80.6569
-59.3424 41.5957 71.4625
-54.2793 34.9466 81.0541
-57.8704 42.6739 72.911
-53.2252 34.046 83.6771
-54.5846 40.6212 78.685
-56.467 45.7149 74.2148
-51.9474 34.5892 87.5614
-51.5143 38.5555 85.7151
-51.0462 42.2138 83.7772
-50.1358 43.7528 83.9686
-48.9317 44.5766 85.2295
-47.6783 45.5303 86.439
-46.1085 45.215 89.2094
-44.8103 44.3699 92.2935
-43.906 39.0297 98.8071
-41.5516 52.6645 88.6776
-38.4109 49.3295 94.6979
-36.5664 43.3335 100.932
-34.0723 55.0275 94.1767
-30.1968 50.3833 99.299
-29.0194 41.5432 108.981
-24.3492 53.0163 101.7
-20.8213 43.9486 109.655
-17.9833 53.8355 103.384
-13.8951 45.6001 108.683
-10.9489 54.4873 105.083
-7.56607 45.0554 108.38
-3.67735 55.6835 104.194
-1.33421 45.4181 110.598
3.88012 56.9549 103.346
5.04911 46.3984 112.166
11.058 58.21 102.712
12.5055 49.0908 109.309
14.0328 41.6794 110.592
19.4769 51.3555 105.568
21.6024 42.5781 108.336
26.7747 52.9291 100.701
29.0792 43.8121 105.306
33.5479 53.7725 95.3202
35.9903 48.1405 99.6712
40.349 56.4869 87.3929
40.8557 52.1783 90.7074
42.5513 47.2737 93.6282
47.2636 55.7956 81.2343
47.6507 52.572 82.1487
48.545 50.3457 82.278
49.2773 48.0463 82.7936
50.4231 47.05 81.5563
51.7044 46.8912 79.4381
53.4014 47.2374 77.025
56.3048 49.2674 72.2257
52.2431 37.1899 85.3806
53.6436 41.0784 79.2747
57.8139 45.9785 70.7047
53.4515 36.4286 81.5794
57.5609 42.7599 72.4237
53.6255 35.016 81.0043
58.7098 41.6333 70.8391
54.6181 35.6007 78.6144
-56.2245 -43.5623 70.6923
-65.1948 -48.5601 34.7746
-62.1008 -36.7974 3.42808
-65.1184 -49.9641 42.5828
-60.9453 -40.8089 10.1142
-64.0272 -50.5321 48.1917
-60.6828 -43.8783 14.4746
-63.1723 -50.9889 51.2672
-60.7768 -45.9157 16.7466
-62.3036 -51.3861 53.4854
-60.7376 -47.5506 18.2787
-62.0568 -52.3362 52.9103
-60.5139 -48.268 17.5387
-62.2402 -53.7948 49.4554
-60.3818 -47.9941 14.4436
-62.4126 -55.3013 42.9675
-53.2475 -47.0559 73.0975
-61.9936 -55.963 36.4311
-56.588 -51.6927 65.3168
-60.613 -55.2362 27.3872
-59.4599 -56.1048 54.7149
-50.8464 -46.8137 76.4437
-60.4339 -58.9292 40.6115
-55.1348 -53.8662 65.3329
-59.2801 -58.0335 27.0063
-58.5933 -59.718 49.2445
-52.187 -52.938 70.2587
-58.4617 -60.769 31.625
-57.0495 -61.0555 50.4519
-51.2597 -54.474 70.4087
-57.1995 -62.5887 31.1453
-56.076 -63.2567 48.5008
-51.4224 -57.9734 66.7922
-46.2727 -50.3454 80.6398
-55.1963 -65.7392 42.8626
-52.2313 -63.0308 58.4581
-47.3669 -56.8499 73.7554
-54.0557 -67.551 33.171
-52.5415 -67.8413 46.496
-49.7815 -65.1514 59.7809
-46.0554 -60.2283 72.5706
-42.8066 -54.7226 82.324
-50.3576 -70.9271 41.8381
-48.5497 -69.9144 52.8034
-45.7103 -66.7953 65.2583
-42.6767 -62.283 75.8209
-40.0025 -57.3783 83.9081
-46.7659 -74.4672 42.4809
-45.2235 -73.9387 50.4421
-43.1728 -72.4324 58.9585
-40.8939 -70.0387 68.3454
-38.7831 -67.0954 76.0562
-36.9156 -63.8204 82.6513
-35.1986 -60.3561 89.1525
-40.4385 -79.7562 45.8068
-38.7983 -79.033 51.9293
-37.3108 -78.5543 56.8941
-35.7159 -77.8579 62.0791
-34.2054 -76.9625 67.6342
-32.9585 -75.903 72.6844
-31.7025 -74.4009 77.9823
-30.4792 -72.1436 83.5296
-29.1724 -70.0726 87.9113
-27.8432 -68.0254 92.5112
-26.1172 -65.4558 96.9066
-24.2645 -62.7468 101.439
-26.4139 -87.6397 53.471
-24.707 -87.1667 56.1593
-23.1767 -87.2797 58.3091
-21.9165 -87.3979 60.3907
-20.4803 -87.8236 62.5752
-19.0987 -88.279 64.7937
-17.7027 -88.5827 66.954
-16.2635 -88.976 68.1886
-14.7459 -89.2929 69.3653
-13.1313 -89.575 70.5772
-11.466 -89.7743 71.7584
-9.79318 -89.9149 72.9941
-8.08947 -89.9974 74.155
-6.36634 -89.9663 75.3798
-4.61137 -89.7412 76.5343
-2.83543 -89.4223 77.7045
-1.01371 -89.0075 78.7941
0.805984 -88.4964 80.0293
2.66852 -87.7959 81.1652
4.57488 -86.9827 82.3301
6.52109 -86.0178 83.2373
8.51267 -85.0792 84.0428
10.4557 -83.9611 84.9294
12.3506 -82.7633 86.0176
14.2269 -81.2267 86.7904
16.0838 -79.5576 87.4475
17.3274 -77.9702 89.4464
18.4291 -76.0175 91.1341
19.3548 -73.9821 92.5168
20.2373 -71.9276 93.4852
20.4753 -68.6459 95.4783
20.714 -65.8054 96.9577
20.8784 -63.0511 98.4562
21.2044 -60.5363 99.8435
24.6553 -86.8466 51.6152
26.0244 -85.466 52.7223
27.5276 -84.2783 53.9613
28.9784 -83.1501 55.2355
30.3645 -81.7326 57.3263
31.3209 -80.0654 59.5926
32.1838 -78.2265 61.9015
32.8703 -75.6317 65.8199
33.3314 -72.5165 69.915
33.4532 -69.0086 74.0276
33.3294 -64.4719 78.9711
33.3714 -60.2757 83.0968
33.2242 -56.5192 87.4067
39.7541 -78.1405 45.2078
40.1501 -75.6703 50.0005
40.2799 -72.8288 55.8291
40.1663 -69.5131 61.8232
39.4947 -65.2116 68.4523
38.293 -59.8897 75.4344
37.5266 -54.9112 82.3894
45.7599 -73.6135 41.5088
45.6127 -70.7667 48.1276
44.8455 -66.9066 57.4962
43.19 -61.3142 66.8577
41.4075 -55.4294 75.3155
49.5341 -71.3024 35.1507
49.5391 -68.6677 43.6893
48.2607 -64.5622 53.9886
45.7258 -58.4147 65.5503
43.1737 -51.6209 75.904
52.2643 -67.4206 37.2355
51.279 -63.7165 49.8292
47.9521 -56.6217 64.4155
54.2227 -66.6623 24.5392
54.086 -64.7211 38.6882
51.8271 -59.5055 54.5732
47.0011 -51.1077 70.0595
55.6785 -63.8017 31.8631
54.2744 -59.9373 48.9119
49.0736 -51.5171 66.9931
56.8416 -62.1416 28.5849
55.7777 -58.8879 47.3532
49.7788 -50.1818 66.7904
57.8597 -60.3807 28.8664
56.2563 -56.6856 49.8078
48.6462 -46.7289 70.3475
58.6454 -58.5856 34.2527
53.9794 -51.7926 59.4595
58.6906 -56.8679 21.3736
58.415 -55.2947 46.0373
58.3782 -53.1553 10.5166
59.8186 -55.9102 35.1584
52.6875 -47.794 63.8417
60.2519 -54.8552 26.4314
55.7168 -49.5853 58.0816
59.9496 -53.0086 20.689
58.1424 -50.6121 51.9491
59.6103 -50.9729 16.1699
59.3233 -50.6608 48.9521
59.4818 -49.31 14.0124
59.7096 -49.9973 48.4663
59.6955 -48.3317 13.9764
59.1523 -48.6625 50.6098
60.3018 -48.0567 15.9593
57.4981 -46.6604 56.0997
61.2965 -48.2928 19.965
-82.578 -7.98563 3.76646
-81.2675 -14.4867 8.47949
-80.1675 -15.0008 10.3371
-79.0769 -15.5144 11.6158
-78.227 -13.7203 12.9967
-78.3241 8.93032 5.78704
-76.4579 -15.3378 14.2282
-76.0123 -14.7327 14.9391
-75.9355 -10.0924 15.9059
-76.2986 8.34542 9.02306
-77.3243 15.8731 17.9541
-74.4651 -18.7724 18.3489
-74.5127 -8.85603 17.5887
-76.2292 15.3341 18.9025
-73.4453 -17.528 18.642
-74.7531 9.25246 15.9899
-72.5619 -23.2394 21.0194
-73.796 4.71006 15.2818
-75.3683 20.3883 22.435
-75.4268 23.6055 25.4429
-75.1477 24.6329 27.2161
-74.4811 22.9401 27.6379
-72.7881 -9.30207 36.4204
-72.4162 10.7636 23.5841
-71.6417 -20.5262 39.2148
-72.6145 3.25301 34.237
-71.2868 -20.5076 41.1579
-72.3669 15.5652 29.3086
-71.7942 -8.81702 41.6898
-69.8992 -32.0927 42.8126
-71.8773 9.02987 33.9103
-71.058 -14.9681 44.2526
-68.841 -38.1085 43.1178
-71.5929 5.92242 38.9792
-70.4676 -17.7244 46.0591
-68.1854 -40.8006 44.2747
-71.3025 6.41031 40.7815
-70.1074 -17.158 47.2304
-67.9239 -40.149 46.4975
-71.0385 10.4141 40.1707
-70.0197 -13.2984 48.173
-68.0549 -36.2531 49.2351
-70.8397 16.7208 38.945
-70.0033 -7.20638 48.1729
-68.293 -30.219 51.2461
-71.0471 25.698 39.3021
-70.1435 1.6803 47.698
-68.6018 -21.4855 51.7432
-66.1785 -44.3344 48.9005
-70.1915 13.017 44.5889
-69.0063 -10.5307 51.1218
-67.1579 -33.378 53.3019
-70.3979 27.2354 41.8109
-69.4491 3.30686 49.7156
-67.882 -19.8028 53.4522
-65.6794 -42.5538 52.3612
-69.69 19.7429 45.1022
-68.4846 -3.87288 51.5683
-66.9317 -26.819 55.3725
-64.1611 -49.6418 49.6655
-69.222 14.4968 48.7845
-67.8792 -8.86623 53.9588
-66.0922 -31.6373 56.4159
-62.5315 -54.5633 45.5058
-68.8191 11.5706 51.5916
-67.2784 -11.5958 55.3759
-65.4299 -34.2911 57.2591
-69.2982 34.8225 45.6575
-68.4333 10.9541 53.1385
-66.8 -12.1233 56.2811
-64.9538 -34.7837 58.0979
-68.9158 35.3135 46.6835
-68.0836 11.469 54.2366
-66.4352 -11.5715 57.2202
-64.5936 -34.2035 59.0566
-60.8435 -57.103 47.0634
-67.8254 14.2304 54.5945
-66.1767 -8.82853 57.624
-64.4536 -31.4894 60.1457
-61.3582 -54.2322 52.3508
-67.762 19.2175 54.6298
-66.0966 -3.91604 57.9395
-64.4277 -26.6305 60.7021
-61.9098 -49.2145 56.922
-67.3174 26.6226 52.1004
-66.2753 3.14204 58.577
-64.5205 -19.6147 60.7069
-62.5474 -42.1249 60.8617
-67.4832 37.7966 50.9122
-66.7385 14.0772 58.3828
-64.8912 -8.79374 60.2413
-63.2219 -31.3925 62.6749
-60.195 -54.0002 55.6375
-66.5978 28.1835 53.9498
-65.6533 4.72487 60.7122
-63.7823 -17.9498 62.127
-61.9113 -40.425 62.8765
-67.1866 43.0997 53.3856
-66.1955 19.5744 59.0029
-64.4752 -3.37289 61.6539
-62.7996 -25.9711 64.0091
-60.3198 -48.4076 60.672
-66.2375 35.3147 54.8971
-65.4265 11.7544 62.156
-63.4322 -10.9077 63.0004
-61.7603 -33.4027 65.0511
-58.5723 -55.9906 56.9713
-65.6943 27.8873 58.5792
-64.4612 4.67058 63.7598
-62.5259 -17.8859 64.6
-60.6743 -40.296 65.2929
-66.212 44.4706 56.9481
-64.9778 21.1443 61.2874
-63.4506 -1.78522 64.7179
-61.6462 -24.2788 66.1242
-59.4132 -46.6632 64.1619
-65.394 38.9133 58.2207
-64.5255 15.4998 64.5731
-62.5461 -7.13635 65.6051
-60.866 -29.5845 67.5026
-58.1309 -51.9899 62.3883
-64.6693 33.8551 59.9654
-63.795 10.5476 66.4196
-61.652 -11.9166 66.3414
-59.9898 -34.3132 68.0798
-56.7202 -56.8143 59.6684
-64.3117 29.8157 62.8894
-63.0651 6.74965 67.6462
-61.0001 -15.6601 67.5414
-59.2093 -37.9891 68.527
-55.2993 -60.5717 56.5418
-63.6995 27.017 64.1874
-62.3838 4.06633 68.5158
-60.4127 -18.313 68.7277
-58.4616 -40.5903 68.673
-54.081 -63.2607 54.0924
-62.9774 25.3961 64.4812
-61.8498 2.44955 69.5106
-59.9053 -19.8961 69.7394
-57.8288 -42.1325 68.9465
-53.1969 -64.8858 52.914
-62.3225 24.8697 64.638
-61.4036 1.90555 70.4626
-59.4558 -20.4043 70.5855
-57.323 -42.6116 69.4455
-52.6575 -65.3768 53.2425
-62.0056 25.9174 65.4663
-61.0764 2.97282 71.1849
-59.0947 -19.3105 71.1639
-57.0522 -41.5053 70.5171
-52.6963 -64.1745 56.0878
-62.0031 28.5261 66.9856
-60.909 5.63053 71.9368
-58.869 -16.6292 71.7322
-56.9234 -38.8144 71.6436
-52.9479 -61.2923 59.5757
-62.1404 32.7471 68.4822
-60.9001 9.88548 72.6641
-58.7963 -12.3672 72.4361
-56.9154 -34.5488 72.682
-53.6994 -56.9009 64.7555
-62.1061 38.1989 68.5176
-60.4964 15.39 71.1077
-58.9312 -7.09219 73.6833
-57.051 -29.267 73.8584
-54.28 -51.4393 68.774
-61.7458 44.8555 66.891
-59.8486 22.0701 68.2686
-59.1028 -0.747973 74.4792
-57.137 -22.9049 74.351
-54.8614 -45.0234 72.1191
-49.9431 -67.8527 54.6912
-60.2299 29.493 69.59
-59.3066 6.68949 74.8109
-57.3383 -15.5006 74.918
-55.2692 -37.5694 74.1424
-51.7175 -59.9651 64.3534
-60.6981 37.508 70.752
-59.2702 14.7909 73.725
-57.6821 -7.5987 76.1248
-55.7014 -29.673 75.7514
-52.8941 -51.8072 70.3988
-60.3681 46.4103 68.167
-58.7013 23.6152 70.4304
-58.019 0.840631 76.7859
-56.0024 -21.2384 76.3855
-53.7605 -43.2766 74.4003
-49.2378 -65.8791 59.4438
-59.234 32.5894 71.9109
-58.2236 9.90914 76.3012
-56.4641 -12.3074 77.7823
-54.3362 -34.3002 76.4825
-50.906 -57.5905 68.0504
-59.4352 41.286 71.4756
-57.5458 18.7527 72.3716
-56.7941 -3.89552 78.4398
-54.7507 -25.9006 77.7145
-51.8775 -50.0406 73.0958
-45.9715 -73.3039 50.3443
-57.6896 26.7308 72.637
-56.9665 4.04619 78.3987
-55.05 -18.0172 78.6414
-52.8493 -39.9707 76.9441
-47.8834 -66.2266 61.2891
-57.9849 33.5643 73.8931
-56.8674 11.0258 77.4828
-55.3267 -11.2104 80.0213
-53.1506 -33.1309 78.3927
-49.0991 -60.1234 68.2339
-58.0494 40.064 73.7635
-56.3486 17.61 75.1175
-55.5054 -4.93081 80.7971
-53.3812 -26.8401 79.6355
-49.7857 -54.1199 72.4689
-57.7513 46.7354 72.0285
-56.1485 24.0369 74.5498
-55.5356 1.40523 80.8263
-53.4925 -20.5328 80.3011
-51.2036 -42.4327 78.0458
-44.92 -71.6823 56.4978
-56.4038 29.7237 76.2813
-55.36 7.29324 79.9976
-53.737 -14.8037 81.8815
-51.5176 -36.6589 79.9995
-46.7681 -64.8735 66.465
-56.5651 36.6476 76.5972
-55.0219 14.3486 78.0361
-54.012 -8.03426 83.1422
-51.7609 -29.8463 81.1137
-47.6987 -58.2329 71.8078
-56.3656 43.8306 74.9363
-54.7459 21.3531 76.7692
-54.1554 -1.22697 83.3876
-52.0163 -23.0636 82.1839
-48.4201 -52.2891 76.0951
-56.1696 50.5255 73.4548
-54.8823 27.5738 78.0119
-53.984 5.16981 82.3917
-52.2478 -16.8031 83.5428
-50.002 -38.5937 81.5317
-44.5577 -67.9801 64.8618
-55.2097 34.8875 79.1659
-53.6195 12.7638 79.9364
-52.5878 -9.53424 84.9407
-50.4026 -31.2977 83.1908
-45.8335 -61.3069 71.8134
-54.9991 42.0631 77.3721
-53.3678 19.763 78.6381
-52.7227 -2.74831 85.1956
-50.5671 -24.5061 83.8862
-46.9378 -53.1744 77.2846
-54.7155 50.4665 74.7371
-53.7135 27.4744 80.468
-52.6915 5.19343 84.1753
-50.9827 -16.7236 85.4197
-48.7592 -38.4552 83.4929
-43.69 -66.6545 68.4618
-54.0725 36.9566 80.8169
-52.2931 14.9703 80.5545
-51.47 -7.39337 86.598
-49.2807 -29.0842 84.9496
-45.4379 -56.8054 76.542
-53.8148 48.1356 76.8984
-52.7645 25.3634 81.8415
-51.7522 3.08451 85.9105
-49.9439 -18.7405 86.51
-47.1784 -44.6058 83.4748
-42.7954 -67.0706 69.6653
-53.2962 37.9854 81.9232
-51.3548 16.0913 80.9048
-50.723 -6.32518 87.7724
-48.5908 -27.9793 86.5107
-45.3333 -52.9495 80.1297
-39.3692 -75.9655 58.5677
-52.4993 29.3492 84.5251
-50.7776 7.44874 84.6832
-49.5578 -14.5712 88.2578
-47.4323 -36.2136 86.8436
-43.5476 -59.8311 76.4414
-52.4458 46.3676 79.2223
-51.4006 23.799 83.5737
-50.2837 1.57126 87.4729
-48.5415 -20.1993 88.2943
-46.3724 -41.8541 86.5457
-42.2963 -64.1072 74.4345
-52.0451 42.376 81.8166
-49.9863 20.433 80.7867
-49.6785 -2.09204 88.7557
-47.8036 -23.7749 88.8471
-45.3786 -45.4129 85.7554
-40.9263 -67.8594 71.7291
-51.742 38.915 84.6407
-49.4347 17.2586 81.826
-49.0588 -5.20297 89.7131
-47.0951 -26.817 89.3604
-44.4656 -48.4982 85.0518
-39.5642 -71.0919 68.9214
-51.676 35.9 88.4096
-49.2658 14.4681 84.5481
-48.4372 -7.77251 90.455
-46.4859 -29.3582 90.0724
-43.5666 -51.0473 84.2813
-38.2653 -73.7898 66.2766
-51.205 33.739 89.6275
-48.9048 12.2762 86.3544
-47.8606 -9.81815 91.1893
-45.9186 -31.3713 90.8054
-42.7742 -53.091 83.8093
-37.0253 -75.937 63.7761
-50.6942 32.1743 90.3067
-48.4583 10.6593 87.5846
-47.3653 -11.3582 92.0095
-45.4106 -32.8837 91.5389
-42.0279 -54.6004 83.4016
-36.0072 -77.595 62.0654
-50.0967 31.1743 90.425
-47.9542 9.6118 88.2759
-46.8624 -12.3631 92.6296
-44.997 -33.8761 92.565
-41.3907 -55.5929 83.3128
-35.2156 -78.6909 61.2593
-49.5804 30.6713 90.7396
-47.5186 9.08452 89.0088
-46.3736 -12.8454 93.0791
-44.5322 -34.3413 93.1225
-40.8841 -56.0635 83.6539
-34.6275 -79.1828 61.2936
-49.138 30.6704 91.206
-47.0906 9.09434 89.53
-45.9462 -12.8209 93.5798
-44.1741 -34.3073 93.9654
-40.5109 -55.9983 84.4625
-34.2841 -79.0531 62.3667
-48.67 30.6783 91.5611
-46.6616 9.10499 90.0413
-45.5262 -12.7971 94.1261
-43.7903 -34.2644 94.6978
-40.1405 -55.9317 85.2804
-33.9471 -78.9359 63.4411
-48.3289 31.1646 92.3086
-46.1227 8.07768 90.5445
-45.0132 -13.7939 94.6678
-43.3187 -35.2505 95.3811
-39.5208 -56.9223 85.268
-33.1153 -80.0562 62.4336
-47.7422 30.6904 92.3015
-45.5896 5.45101 91.7061
-44.4013 -16.3346 95.3111
-42.6906 -37.7609 95.9206
-38.5553 -59.5127 84.1495
-47.2737 51.7511 83.4861
-46.9983 28.7046 92.0621
-44.9583 1.80727 92.8282
-43.6875 -19.8716 95.9827
-41.8405 -41.2735 95.7968
-37.4207 -63.1865 82.6005
-46.8319 48.3377 85.5177
-45.8565 25.8615 90.1707
-44.411 -0.257805 93.6414
-43.188 -21.8977 96.9744
-41.1292 -43.2399 95.7743
-36.5494 -65.2347 81.8162
-46.5447 45.9741 87.7961
-44.5582 24.1417 87.1539
-43.9061 -1.80202 94.4281
-42.7122 -23.4092 97.8336
-40.5284 -44.703 96.0636
-35.86 -66.7944 81.639
-46.2524 44.7412 89.5467
-43.6529 23.2716 85.8286
-43.4473 -1.77405 94.7678
-42.3186 -23.3818 98.4693
-40.1389 -44.6501 96.7262
-35.444 -66.7052 82.2511
-45.8708 44.686 90.3353
-43.1104 23.3271 85.7864
-43.0122 -1.75328 95.2031
-41.9289 -23.356 99.1168
-39.7463 -44.5962 97.3764
-35.0277 -66.6142 82.8576
-45.3084 45.8659 89.7092
-42.9012 24.3146 86.9137
-42.5539 -0.669832 95.1101
-41.5707 -22.3042 99.5002
-39.5261 -43.5313 98.4389
-34.8125 -65.4465 84.0412
-44.8092 47.029 89.3468
-42.838 25.231 88.7488
-42.1367 -0.127103 95.4049
-41.1736 -21.7627 99.8971
-39.2156 -42.9705 99.2703
-34.5683 -64.8347 85.2322
-44.3553 48.1688 89.2048
-42.8172 26.0948 90.8972
-41.7176 0.944484 95.4837
-40.8208 -20.7193 100.272
-38.9499 -41.9191 100.08
-34.3866 -63.6708 86.5534
-43.8096 49.9176 88.4035
-42.9678 27.3809 93.751
-41.2781 2.02289 95.4829
-40.439 -19.6672 100.525
-38.6245 -40.8491 100.64
-34.249 -62.5492 88.0207
-43.1986 51.6784 87.3664
-42.8844 28.8038 95.3375
-40.8691 3.09227 95.5975
-40.0792 -18.6228 100.865
-38.3174 -39.7862 101.274
-34.1283 -61.4097 89.5866
-42.7123 52.8105 87.1591
-42.6261 29.7775 96.2648
-40.4494 4.16462 95.6871
-39.7253 -17.5798 101.239
-38.05 -38.7384 102.069
-33.9866 -60.2718 91.0491
-42.2769 53.9164 87.1884
-42.3856 30.7431 97.2605
-40.0659 5.22558 95.9296
-39.3356 -16.5272 101.45
-37.7379 -37.6821 102.665
-33.8378 -59.1404 92.4671
-27.2561 -82.1347 69.869
-42.1804 32.218 98.2291
-39.7087 7.33889 95.8793
-38.9673 -14.4461 101.355
-37.6288 -35.6485 103.774
-33.9701 -56.9743 94.8018
-27.8434 -79.6279 74.4073
-42.0025 34.2164 99.0952
-39.2488 10.019 95.196
-38.6827 -11.8707 101.409
-37.5232 -33.1153 104.696
-34.2688 -54.3359 97.6665
-28.5158 -76.7001 79.049
-42.0537 37.1895 100.55
-38.4384 13.8786 92.6628
-38.3092 -8.22528 100.671
-37.4293 -29.5884 105.228
-34.6709 -50.6506 100.691
-29.4058 -72.7685 84.2557
-41.604 41.4622 99.3261
-38.6487 18.4714 94.1001
-37.8702 -3.50418 99.1953
-37.2897 -25.0347 105.148
-35.1787 -46.0254 103.766
-30.2248 -67.8695 88.742
-40.5555 47.3679 94.4462
-37.9266 26.0904 90.4946
-37.4095 3.36082 96.7775
-37.0795 -18.414 103.899
-35.6141 -39.4396 105.707
-31.5043 -60.9341 94.5895
-39.5436 55.0174 89.0811
-39.7384 31.8349 99.3197
-37.2168 10.712 95.4578
-36.8881 -11.2296 102.565
-36.0147 -32.441 107.171
-32.8055 -53.5606 100.41
-27.2274 -75.8002 82.7965
-40.5419 39.2092 102.5
-36.9404 18.6415 93.6988
-36.4576 -3.40216 99.9557
-36.0668 -24.9381 106.69
-34.0006 -45.8658 105.508
-29.0969 -67.6548 90.8511
-39.1013 48.5515 94.623
-36.4254 25.6262 91.2592
-35.9228 3.47924 97.2242
-35.7761 -18.3175 105.089
-34.5007 -39.2965 107.737
-30.3336 -60.7321 96.4529
-23.3618 -83.6829 72.7922
-38.4584 32.894 100.316
-35.8091 9.73818 96.6556
-35.4698 -12.1513 103.643
-34.7521 -33.3064 108.907
-31.4269 -54.4226 101.609
-25.7477 -76.6497 83.748
-38.9598 38.7997 102.712
-35.2655 16.1566 94.3144
-35.0312 -5.90129 101.645
-34.7525 -27.3274 108.831
-32.2377 -48.2052 105.5
-27.3411 -70.101 91.0213
-38.0204 46.1292 98.0169
-34.7023 23.1473 91.6745
-34.4827 0.951082 98.8958
-34.4199 -20.7496 107.038
-33.0572 -41.663 109.123
-28.4785 -63.143 96.1213
-36.9573 53.8432 92.3985
-36.5504 31.0928 99.5213
-34.251 7.76204 97.5543
-34.0141 -14.0852 104.94
-33.4 -35.1707 110.544
-29.8132 -56.3303 102.073
-23.8202 -78.6059 83.0708
-37.1798 37.9455 102.235
-33.5811 15.8038 94.1186
-33.6122 -6.31384 102.519
-33.4837 -27.7065 110.311
-30.9207 -48.5525 106.726
-26.095 -70.4034 92.7307
-36.6191 46.1671 98.8623
-33.4834 23.1657 93.279
-33.058 1.05307 99.5736
-33.1441 -20.6501 108.298
-31.7676 -42.0052 110.456
-27.1642 -63.4835 97.4535
-35.5855 53.8338 93.4853
-35.0537 31.205 99.8744
-32.7033 7.8985 97.7322
-32.6393 -13.9787 105.777
-32.1578 -35.0202 111.911
-28.1969 -57.7021 102.366
-22.0001 -80.0253 82.6895
-35.359 36.6121 101.697
-32.1311 13.2575 95.6386
-32.2233 -8.80791 104.265
-32.0401 -30.0382 111.768
-28.5923 -54.5488 105.348
-23.0611 -76.5933 88.5787
-35.8258 39.9519 104.684
-31.833 17.4689 95.1456
-31.6758 -4.59944 102.616
-31.7434 -26.04 111.163
-28.8753 -50.9217 107.648
-23.929 -72.7493 93.4096
-34.9896 43.3474 102.129
-31.4216 22.8147 93.7165
-31.1378 0.672222 100.566
-31.3837 -21.0104 109.87
-29.1103 -46.2682 109.412
-24.6329 -67.9422 97.1535
-34.0986 48.5952 98.4495
-31.279 27.5176 93.7157
-30.6051 5.45573 98.7529
-30.871 -16.404 108.125
-30.3794 -37.3483 113.991
-25.2798 -62.6491 100.483
-33.3995 54.3852 95.3999
-32.7052 31.8683 100.886
-30.1981 8.63267 98.1243
-30.3942 -13.3021 107.14
-30.1375 -34.3221 114.098
-25.6544 -59.4719 103.323
-19.0903 -81.8818 82.4166
-32.7518 35.308 102.212
-29.6802 12.3818 96.8496
-29.9335 -9.67809 106.025
-29.9203 -30.835 114.085
-26.1687 -55.7928 106.592
-20.6996 -77.7965 90.3935
-32.4589 36.3007 102.87
-29.1069 13.5091 96.2716
-29.4366 -8.6037 105.744
-29.4908 -29.7912 114.082
-26.4639 -53.2296 109.215
-21.2522 -75.0275 94.1443
-31.8563 35.8652 102.69
-28.674 12.9972 96.8657
-28.9613 -9.08174 106.133
-29.0623 -30.2487 114.625
-26.4169 -51.1572 110.538
-21.4923 -72.8625 96.7059
-31.3888 35.8971 102.919
-28.263 12.4791 97.549
-28.4845 -9.55879 106.511
-28.6324 -30.7042 115.154
-25.9163 -51.6089 110.768
-20.9462 -73.3168 96.7941
-30.7845 35.4633 102.731
-27.8385 11.4371 98.3576
-27.9971 -10.5442 107.036
-28.2088 -31.6592 115.885
-25.1931 -53.0615 110.391
-20.126 -74.8359 96.0691
-30.0678 34.5545 102.233
-27.3488 10.4189 98.8812
-27.5231 -11.5292 107.618
-27.6951 -32.5918 116.231
-24.252 -55.0144 109.261
-19.034 -76.8633 94.384
-29.2295 33.1785 101.377
-26.8253 8.88287 99.4559
-27.0764 -13.0311 108.493
-27.1529 -34.0257 116.615
-23.3145 -57.0108 108.146
-17.7504 -78.9228 91.901
-28.2984 31.3402 100.256
-26.4191 7.30972 100.537
-26.6064 -14.516 109.271
-26.5557 -35.4552 116.757
-22.317 -59.5427 106.953
-15.9379 -81.6881 87.3713
-26.0314 26.4506 94.4143
-26.0027 4.16704 102.147
-26.201 -17.5284 110.869
-25.5532 -38.3347 115.689
-21.029 -63.1361 104.892
-28.504 55.7057 96.8995
-25.4401 22.8223 95.3684
-25.597 0.51652 103.968
-25.9086 -21.0442 113.107
-24.1789 -44.3219 114.034
-20.0471 -65.6687 103.807
-28.2286 53.3747 98.8409
-25.0325 21.2067 96.4884
-25.1125 -1.00929 104.689
-25.5285 -22.514 114.226
-23.748 -44.7915 114.538
-19.5506 -66.1345 104.076
-27.8431 52.7961 99.6635
-24.5406 21.2516 96.6362
-24.6406 -0.974625 104.905
-25.0869 -22.478 114.524
-23.2224 -43.1925 113.971
-19.5344 -64.5592 105.661
-27.2415 54.5637 98.7318
-23.7735 25.147 94.3193
-24.2025 -0.430099 105.078
-24.6149 -21.9396 114.511
-22.7002 -42.6197 113.751
-19.234 -63.9907 106.4
-26.6453 55.7662 98.0383
-23.0493 27.9282 92.615
-23.7622 1.15799 104.877
-24.0839 -20.3966 113.889
-22.0761 -40.9546 112.779
-19.1161 -62.3863 107.55
-11.6374 -84.848 83.8435
-23.8844 29.9556 97.7211
-23.2967 2.75667 104.575
-23.5522 -18.8468 113.269
-22.1088 -39.4698 114.539
-18.9912 -60.7556 108.666
-12.3285 -82.8983 88.359
-24.8578 34.5497 102.457
-22.831 7.50807 103.17
-22.8187 -14.2094 110.734
-22.9474 -35.1159 118.645
-19.7083 -56.0246 112.249
-14.2906 -77.7262 97.043
-26.6456 41.4817 109.64
-22.0213 14.5384 99.5648
-22.1522 -7.48727 107.772
-22.7907 -32.6281 119.258
-19.9115 -53.4391 114.369
-14.8222 -75.0118 100.519
-26.1179 44.1832 108.702
-21.4329 17.2772 98.3896
-21.7876 -4.90276 107.533
-22.4232 -31.6095 119.497
-19.7334 -52.3888 115.404
-14.7343 -73.9045 101.954
-25.3128 45.9699 106.941
-20.9511 19.4556 97.8497
-21.3678 -2.8117 107.247
-21.9848 -31.0726 119.608
-19.402 -51.8368 115.97
-14.4522 -73.3209 102.758
-24.8084 46.551 106.831
-20.5362 20.5495 97.9576
-20.9975 -1.76881 107.527
-21.5637 -31.5395 120.128
-18.8354 -52.2822 115.901
-13.8821 -73.7795 102.722
-24.4099 46.5468 107.353
-20.049 20.5876 98.1397
-20.56 -1.7411 107.88
-21.1139 -31.9976 120.526
-18.2519 -52.7306 115.763
-13.3292 -74.2444 102.763
-24.1605 45.9451 108.681
-19.533 20.6344 98.2035
-20.1659 -1.72576 108.408
-20.6352 -32.9507 120.969
-17.5314 -53.6792 115.231
-12.5416 -75.2146 102.011
-23.8299 45.3689 109.672
-18.9521 19.6256 98.3628
-19.7121 -2.72635 109.038
-20.1498 -33.4008 121.217
-16.9225 -54.1272 114.991
-11.9188 -75.671 101.761
-23.3807 44.8556 110.151
-18.4681 19.6611 98.5598
-19.346 -2.71347 109.677
-19.9532 -26.9855 120.332
-17.8368 -47.5883 118.621
-13.2582 -68.9637 107.108
-21.7324 52.4976 103.03
-19.2799 31.2509 100.173
-19.103 4.4986 108.396
-18.5435 -18.348 113.782
-17.5472 -39.0004 116.654
-14.5168 -60.2739 111.438
-8.15584 -82.154 92.9044
-20.9521 39.1803 106.456
-18.1115 13.6331 103.462
-20.4629 -8.69093 120.431
-19.0059 -29.3552 121.417
-16.5693 -49.9622 118.414
-11.8153 -71.4073 106.301
-21.4131 48.9477 107.202
-17.46 28.5721 98.004
-18.4312 1.89475 110.789
-17.9896 -19.855 116.219
-16.5508 -40.5046 117.256
-13.2096 -61.7484 110.834
-6.2216 -83.874 89.9639
-19.436 36.9071 105.334
-17.4951 11.9917 105.795
-19.2654 -10.0437 120.16
-18.0233 -32.2283 122.51
-14.8078 -52.8485 116.39
-9.97102 -74.3711 104.057
-20.6811 44.6053 109.924
-16.3159 21.8902 99.9468
-17.8745 -0.709367 113.595
-17.6004 -24.8015 120.409
-15.8426 -45.3969 120.141
-11.3794 -66.7251 109.298
-19.2372 53.2568 103.406
-16.9819 31.8996 101.387
-17.1524 8.18 109.893
-16.1007 -17.0901 113.917
-15.6461 -37.81 118.869
-12.2189 -58.9832 112.179
-6.40998 -80.735 96.0921
-18.5054 39.3901 107.113
-15.675 18.0797 102.906
-18.7874 -4.63991 122.616
-16.7045 -30.1274 122.64
-14.0809 -50.7061 118.918
-9.23026 -72.2138 106.672
-19.3443 47.3514 109.987
-15.2808 27.1007 100.486
-16.6153 4.4929 113.095
-16.1423 -22.7043 120.03
-14.7032 -43.3628 121.043
-10.2354 -64.5628 110.252
-1.07832 -87.5807 81.3987
-16.3061 34.7952 104.063
-15.695 13.001 108.813
-15.5814 -15.1423 117.381
-14.9339 -35.7749 121.445
-11.1581 -56.716 113.361
-5.95475 -78.4066 99.8285
-17.4406 42.4553 108.137
-14.1485 21.9541 101.958
-17.1475 -0.9549 121.023
-15.4608 -28.5538 123.249
-13.032 -49.0551 120.279
-8.17619 -70.5655 108.174
-17.2244 50.5207 106.831
-13.9683 29.722 100.707
-15.6224 7.04163 114.512
-14.6756 -21.0901 119.789
-13.2817 -41.7645 120.957
-8.93748 -62.8964 110.74
-1.11871 -85.4072 87.2515
-15.4092 37.2658 105.966
-14.3619 15.7011 108.947
-16.9886 -6.55711 126.137
-14.1686 -33.7795 123.807
-10.2398 -54.4898 115.087
-5.22997 -76.1699 102.486
-16.344 45.0376 109.196
-13.0861 24.5677 103.252
-15.7192 1.69045 120.622
-14.1044 -25.4897 122.941
-12.1987 -46.0071 122.036
-7.24663 -67.3755 109.638
-15.1723 54.7767 103.674
-13.5255 33.0543 104.121
-14.4498 10.6779 114.885
-13.1681 -16.9528 118.591
-12.1839 -37.543 121.209
-8.12322 -58.6477 112.256
-2.35805 -80.4385 96.7495
-14.5151 40.26 107.684
-12.7686 19.0407 107.895
-16.1889 -3.60479 127.993
-13.3423 -30.3507 125.48
-10.0897 -50.79 119.289
-4.82409 -72.4558 105.887
-14.7431 46.8776 108.558
-11.9953 26.1093 104.746
-14.9116 3.14839 122.979
-12.7195 -23.898 123.006
-10.9743 -44.4433 122.731
-6.0603 -65.765 110.608
-13.8787 53.714 105.198
-11.7908 32.2242 103.82
-13.8118 9.48891 118.792
-11.9346 -17.8671 120.076
-10.6208 -38.4759 121.413
-6.4647 -59.562 112.167
-0.206359 -81.4776 94.9295
-12.6366 37.9529 107.28
-12.8198 15.9211 115.075
-14.773 -5.95991 129.095
-11.8019 -32.62 126.081
-7.25268 -54.2357 115.391
-1.9636 -75.9924 102.021
-12.8436 42.9181 108.526
-11.2324 21.6785 109.355
-14.9868 -1.15194 130.418
-11.5769 -27.7464 125.688
-8.52746 -49.6286 120.772
-2.9359 -71.3159 106.354
-12.5029 47.1899 107.961
-10.3981 26.0815 106.777
-13.9931 3.02172 127.276
-10.9249 -23.7457 123.898
-8.69752 -47.1469 122.615
-3.19864 -68.6908 108.554
-12.0199 49.4232 107.496
-9.87036 28.2075 106.027
-13.327 5.12464 126.043
-10.297 -20.7325 122.546
-8.25353 -45.1445 122.235
-3.09518 -66.5754 109.478
-11.3988 51.1612 106.626
-9.53695 29.7377 106.241
-12.7602 6.70362 125.372
-9.72721 -19.1845 121.845
-7.8392 -44.1639 122.326
-2.77948 -65.5154 109.932
-10.8593 50.6728 106.727
-9.20216 29.196 107.196
-12.5319 6.16151 126.587
-9.26031 -18.6475 121.854
-7.41791 -43.6754 122.546
-2.36122 -64.9683 110.16
-10.2924 51.2953 106.404
-8.90576 29.6793 107.933
-12.1177 6.68453 126.796
-8.77293 -17.607 121.63
-7.05059 -42.7234 122.857
-1.96576 -63.9006 110.297
-9.71316 51.9249 106.035
-8.57225 30.1796 108.527
-11.6646 7.22049 126.848
-8.30123 -16.0661 121.31
-7.24393 -36.5609 123.363
-1.95468 -61.3113 111.417
-9.04142 55.3864 104.541
-8.59398 33.1528 109.672
-10.6723 10.4625 124.123
-8.16621 -12.0068 121.308
-7.96901 -32.7611 126.94
-2.44748 -56.5695 113.655
3.20252 -78.412 99.2498
-8.48369 36.6806 110.092
-9.67351 14.2561 121.231
-11.0363 -7.19043 132.458
-7.41189 -27.3243 125.108
-4.074 -50.2628 119.559
1.44264 -72.1085 105.986
-8.17727 43.4409 108.726
-8.07781 21.4637 115.222
-11.5343 -0.991296 134.358
-6.782 -20.9077 122.833
-4.8349 -43.0085 122.269
0.156898 -64.2777 110.313
-7.52412 51.6356 105.856
-6.71911 29.7484 109.642
-10.1282 6.76166 128.801
-6.58722 -13.3632 121.573
-6.16908 -34.0447 126.238
-1.12716 -55.3811 114.116
4.3508 -77.2199 100.546
-7.30685 38.7811 110.997
-8.09132 16.4826 120.508
-10.3377 -5.26865 134.883
-5.77344 -25.2454 124.13
-3.38157 -46.2014 121.464
1.89251 -67.7792 108.825
-6.6596 48.4167 107.547
-5.56005 26.712 110.109
-9.7836 3.67129 132.078
-5.24181 -16.2775 121.422
-4.15705 -36.7654 123.253
0.81657 -58.5133 111.863
7.16879 -80.514 95.0528
-6.23422 36.8116 111.59
-7.45645 14.3826 122.522
-8.93091 -7.03444 133.866
-4.7668 -27.1232 124.727
-2.4982 -47.6542 122.489
3.33853 -69.273 107.829
-5.60281 47.4615 107.848
-4.75495 25.6569 111.321
-8.97043 2.72338 133.051
-4.09966 -17.1663 121.265
-3.056 -37.7408 123.351
2.02068 -58.9626 111.425
8.68905 -81.0422 93.5594
-4.9016 35.4479 110.939
-6.65894 12.8689 123.758
-7.3425 -8.27767 132.048
-3.83958 -28.5152 125.468
-1.09076 -49.018 121.445
4.76268 -70.7115 106.865
-4.50938 44.3796 108.612
-4.6236 22.2672 115.744
-8.44402 -0.274267 135.691
-3.16723 -20.1144 122.561
-1.04949 -40.6965 120.782
3.71413 -61.9896 110.014
-3.68104 53.7834 104.88
-3.27908 31.5609 109.948
-6.41254 8.66323 127.655
-4.04151 -11.6692 124.66
-3.20524 -32.3705 127.984
1.99713 -53.546 115.372
7.43584 -75.3988 102.359
-3.63597 39.6834 110.816
-4.53148 17.332 120.49
-7.25808 -4.54868 136.23
-2.36188 -24.5187 124.646
0.246097 -45.4394 121.085
5.57395 -66.9991 108.562
-2.94534 48.2958 107.602
-2.73801 24.1226 114.11
-6.85469 1.37087 134.91
-1.7917 -21.5091 123.607
0.255781 -42.6498 122.368
5.61816 -63.959 109.457
-2.26492 51.1397 106.281
-1.8353 25.8982 112.226
-6.09571 2.97325 133.509
-1.15722 -20.4358 122.818
0.895581 -41.0835 121.385
6.0814 -62.3685 109.165
-1.56295 53.4784 105.057
-1.02176 27.6355 110.64
-5.17858 4.62658 131.55
-0.511718 -18.8555 121.835
1.80208 -39.3212 119.092
6.38278 -60.7697 109.461
-0.966376 54.6669 104.517
-0.46025 28.7552 110.191
-4.31251 5.775 129.952
0.0335457 -18.2987 121.545
1.84168 -38.868 120.782
6.76595 -60.2288 109.826
-0.470722 54.1625 104.802
0.245021 28.3457 109.632
-4.60703 1.63284 133.924
0.287155 -21.7988 123.545
2.5738 -43.3931 121.53
8.22281 -64.8328 107.89
-0.738752 47.9216 109.573
-0.625499 18.9469 117.081
-4.33585 -3.29933 136.144
0.414281 -27.2373 126.466
4.10506 -49.7121 119.643
10.3831 -71.5151 103.995
-0.479275 39.9196 113.024
-0.840586 13.5942 120.992
-2.14347 -7.75723 131.219
1.16641 -31.9781 126.72
6.77224 -54.8917 113.719
13.5196 -76.9566 96.3072
0.631849 35.9715 111.972
-1.3813 7.74021 126.181
2.06355 -21.6035 122.574
4.38498 -45.1929 121.02
10.3933 -66.8198 106.413
0.289397 44.7083 112.79
0.677983 15.9139 118.777
3.08699 -14.4969 118.832
3.21384 -35.1926 123.841
9.43877 -59.5687 109.524
1.94107 52.7364 106.244
3.12662 30.8201 108.078
-0.612968 -7.10538 130.893
3.10986 -32.7773 125.425
8.7023 -55.8928 112.867
2.93729 56.2931 103.617
3.03497 33.8064 109.535
0.322219 -7.4715 129.531
3.89658 -34.1928 124.855
9.42515 -56.3941 112.351
3.32896 55.1974 104.461
3.92816 32.9476 108.451
5.07432 -16.7804 117.865
5.33974 -37.5769 122.592
10.9398 -58.9818 109.689
2.75235 50.4709 110.022
5.45596 29.1758 106.01
4.86814 -24.3067 122.442
7.50585 -45.5107 119.244
13.8997 -67.2814 103.601
3.27727 41.4062 112.494
6.3705 -17.1768 117.155
6.73059 -37.9766 121.44
12.6068 -59.9645 107.843
3.5643 47.7897 111.712
7.64155 27.0781 102.747
6.13099 -34.5351 124.363
11.7564 -56.2846 111.567
4.52585 51.2824 109.229
7.46807 30.05 104.423
6.37197 -32.0834 124.71
11.6255 -53.6026 112.929
5.49919 53.163 107.115
7.65019 31.5525 105.204
7.02943 -30.0641 123.674
11.6114 -51.4753 114.083
6.38059 55.0164 105.374
7.78233 33.0352 106.186
7.76963 -28.5184 122.47
11.8581 -49.8717 114.486
7.18025 56.2971 104.109
8.06769 34.055 106.801
8.51825 -25.9869 121.025
12.0565 -47.2475 114.711
7.99607 57.5853 102.778
8.37342 35.0779 107.314
9.22701 -24.9445 120.136
12.5577 -46.2188 114.512
19.927 -68.4156 96.202
8.83219 35.6348 107.434
9.99405 -23.8919 119.056
13.1802 -45.6987 114.062
20.5167 -67.9065 95.9473
9.29465 36.1933 107.538
10.8866 -22.3262 117.447
13.7864 -43.2162 113.214
20.3052 -65.1898 97.7104
9.12655 38.1034 109.599
12.1398 -18.7083 114.185
12.988 -39.6042 116.526
19.6189 -61.4262 100.797
8.77482 41.0044 112.081
12.4085 10.639 107.529
11.725 -34.1814 121.162
17.7953 -55.4872 106.925
9.34105 45.8636 110.597
15.1692 25.8088 96.4846
12.2234 -26.7028 119.31
16.1263 -47.6607 111.945
10.4899 52.7226 106.829
13.6481 31.4982 101.585
14.1213 9.34695 105.84
12.8655 -32.6206 120.445
18.5388 -53.866 107.547
10.3863 45.4401 110.828
16.3972 25.4447 96.3604
14.9268 -16.4228 111.421
14.7148 -37.4614 117.176
21.7555 -59.2381 100.272
11.5817 39.3897 110.184
16.9625 17.9526 98.3817
14.6033 -22.5338 115.696
17.9026 -43.5717 110.308
12.6321 55.948 104.429
14.3916 33.9789 103.798
16.3024 7.01502 104.77
14.6798 -31.4946 119.332
20.2688 -52.7626 106.841
12.0181 45.0932 110.847
18.2026 19.1866 97.6205
16.2657 -19.8839 113.143
18.0372 -40.9268 112.561
26.0991 -63.1129 92.5161
14.9975 35.5032 104.991
17.8254 7.75299 103.3
15.8859 -27.9348 117.977
20.3603 -49.0946 109.075
13.1684 47.9618 110
19.2936 21.4584 97.2009
18.6305 -12.4527 107.014
16.9014 -33.8328 117.787
23.6692 -55.3919 101.805
13.9765 41.695 110.608
19.7712 14.4824 99.1837
18.4499 -17.6649 110.76
18.8645 -38.7849 114.438
27.7024 -60.9357 92.0971
16.2293 37.1226 105.898
20.0412 9.11573 101.277
18.9319 -19.1482 111.256
19.9068 -40.3148 113.331
30.1922 -62.6592 86.2115
17.5302 35.3559 103.853
20.5921 7.04092 101.792
19.925 -15.511 109.095
19.4052 -36.6982 115.545
28.2286 -58.6758 93.2519
16.8279 38.6479 107.162
21.5426 10.9281 99.642
21.4468 -11.1508 104.666
19.229 -32.6856 116.834
26.3379 -54.3191 100.018
16.2407 42.4974 109.938
22.1489 15.289 98.4934
22.2197 -6.92425 103.056
19.8178 -28.6499 115.697
24.9686 -50.024 104.958
16.4084 46.655 110.036
22.6375 19.6407 97.6255
22.7153 -2.72194 102.431
20.8939 -24.5516 113.011
24.1004 -45.8599 108.399
17.7598 50.931 106.572
22.7573 30.3658 95.7805
23.3241 2.07283 101.265
21.8803 -19.9831 110.855
23.1364 -41.2059 111.929
19.3748 55.3669 102.105
21.227 33.3728 101.369
24.0276 6.93533 99.7671
23.4912 -15.1788 106.291
22.4407 -36.5546 114.436
34.4017 -58.9393 82.6517
20.8837 36.2892 103.399
24.5682 11.2656 98.8111
24.7967 -10.8627 102.826
22.5667 -32.476 114.626
31.1617 -54.2689 93.2698
20.221 39.5978 106.459
25.1494 15.6339 97.6326
25.4531 -6.63504 101.662
23.3255 -28.408 112.981
28.9447 -49.9378 100.972
19.9735 42.0048 108.485
25.6156 18.363 97.1872
26.1985 -3.921 100.439
24.2615 -25.8297 111.19
33.2608 -53.7347 89.9563
22.4249 36.9707 103.599
26.2877 13.5936 98.1109
26.9393 -8.57213 100.871
24.7546 -30.3372 112.335
21.0709 49.1233 106.683
26.5483 28.7238 94.9386
27.3711 5.19575 98.4219
27.3325 -16.8913 103.182
26.6835 -38.3955 110.025
23.101 38.5287 104.529
27.4863 16.9707 96.8506
28.2355 -5.30218 99.6629
26.6225 -27.1873 109.19
22.2758 48.21 106.473
27.8035 27.7942 94.5726
28.6984 5.34913 97.7435
28.9583 -16.7426 101.519
28.4479 -38.3508 107.978
25.0397 36.3126 102.494
28.8128 14.9832 96.6479
29.7025 -7.25628 98.9837
28.3221 -29.1359 107.816
23.3538 44.5527 107.372
29.1147 24.1726 94.9621
30.2013 1.78855 97.394
30.5154 -20.2509 100.889
25.5704 54.168 100.259
27.6654 32.1741 98.8213
30.144 10.2877 97.308
31.2885 -11.8258 98.4644
30.5075 -33.6819 105.708
25.6716 39.8381 104.748
30.5604 18.9633 95.2727
31.7407 -3.35308 97.1427
32.0325 -25.3519 100.85
25.5826 48.8283 104.757
30.7424 28.1381 94.0222
31.9807 5.72953 96.1086
33.0511 -16.3812 97.4383
33.9554 -38.2574 99.7282
28.2239 35.7077 101.32
31.9744 14.2838 95.6232
33.3883 -7.94165 96.4577
33.9446 -30.0009 99.819
26.6738 42.9718 105.943
32.5268 22.4859 93.6826
33.8783 0.0866255 95.0545
34.852 -22.0143 96.6353
27.8412 50.3992 102.566
31.7541 29.1646 95.8199
33.8956 7.02743 95.0133
35.4532 -15.1142 94.9989
28.3038 49.3319 103.098
33.1656 28.4361 93.402
34.704 6.06026 94.4724
36.4317 -16.0773 93.9367
30.8374 35.0243 100.265
34.6417 13.5388 94.4787
29.2326 46.6456 104.151
34.8946 26.0299 92.1971
30.8432 51.0269 100.027
34.0644 29.4206 95.328
31.8591 51.8675 98.5145
34.3393 29.9247 96.1055
32.3241 38.231 101.787
31.7804 42.6912 103.857
32.4627 46.0795 102.846
33.5673 48.0328 100.84
34.1318 47.5512 100.903
35.171 39.6451 101.188
79.0149 -12.2468 -0.909399
77.5254 -14.152 4.12267
76.4316 -14.7781 6.14617
75.3499 -15.365 7.46057
74.6186 -13.6217 8.90461
73.4544 -25.0962 10.6841
72.8996 -15.2863 10.5281
72.5307 -14.7027 11.4141
72.7603 -10.0906 12.315
73.6936 8.4846 7.63652
70.2027 -26.4175 12.9537
70.599 -18.7108 13.2905
71.3656 -8.85119 14.0415
73.8969 15.7177 16.1881
69.6585 -17.486 14.0518
72.5328 9.43232 14.5866
68.6841 -23.1118 16.6805
71.3831 5.01101 11.9536
73.1288 20.9651 19.8652
73.2582 24.2923 22.9381
73.0211 25.3652 24.6972
72.3242 23.6189 25.0921
69.0889 -9.7721 31.2341
69.9724 10.9985 21.0752
67.8216 -21.1954 33.2002
69.1884 3.43825 28.0129
67.4475 -21.1953 35.3956
69.9859 15.9889 26.4507
68.0625 -9.34563 36.7251
66.2754 -32.5979 36.3166
68.9746 9.32885 29.1821
67.1674 -15.6516 38.7621
65.4096 -38.3794 36.414
68.4771 6.05123 34.0818
66.4581 -18.437 40.1825
64.8864 -40.955 37.7085
68.2521 6.53184 36.096
66.1471 -17.9081 41.7021
64.5708 -40.2969 39.7391
68.2469 10.7295 35.6926
66.0883 -14.0255 42.9898
64.5794 -36.5726 42.902
68.5019 17.2664 35.61
66.208 -7.77383 43.19
64.5024 -30.7856 45.0801
69.1697 26.632 36.4816
66.8309 1.48005 43.2042
64.527 -22.2797 45.8835
63.1271 -44.265 42.5138
67.652 13.4257 40.7152
65.0743 -11.2468 46.0067
63.4969 -33.8249 47.0524
68.6039 28.294 38.8012
66.3242 3.13795 45.6575
63.8046 -20.6581 48.077
62.5394 -42.545 45.875
67.5856 20.5103 41.7364
64.8925 -4.41837 47.1826
62.9744 -27.5575 49.6357
61.4726 -49.3084 43.4584
66.8472 14.989 45.1765
63.9822 -9.59944 49.0346
62.3238 -32.1858 50.4919
60.182 -54.0222 39.9289
66.3137 11.8744 48.0176
63.2701 -12.4295 50.4383
61.7718 -34.7039 51.0438
59.1247 -56.675 37.5018
65.9128 11.2132 49.616
62.7689 -12.9907 51.3961
61.3634 -35.1846 52.1015
58.7512 -57.1122 38.684
65.6051 11.7652 50.7264
62.4155 -12.4501 52.4217
60.9378 -34.6318 53.0906
59.2191 -56.4527 41.6674
65.6391 14.6981 51.5324
62.2187 -9.6374 52.7551
60.646 -32.0842 54.4321
59.0824 -53.6582 46.2512
65.7799 20.0801 51.2055
62.4491 -4.5729 53.593
60.2995 -27.43 54.9389
59.2496 -48.7986 50.3345
65.8041 27.8975 49.0879
63.2299 2.83158 54.953
60.2859 -20.6106 55.6459
59.4148 -42.0634 54.461
66.6868 39.4726 48.5653
64.5635 14.569 55.2201
60.9149 -9.67011 55.5811
59.3537 -32.0119 56.8728
57.9647 -53.3811 49.4291
65.2949 29.5736 51.2751
62.7363 4.49921 57.1675
59.526 -18.9906 57.1591
58.6798 -40.4522 56.7515
66.75 45.0354 51.2044
64.3805 20.5312 55.7903
60.9078 -4.09861 57.6653
58.617 -26.8611 58.5737
57.7591 -48.016 54.4236
65.415 37.0528 52.486
63.1511 12.0684 58.996
59.3539 -11.92 58.5034
58.0317 -33.9437 59.3875
56.5603 -55.2653 50.8932
64.4427 29.3907 55.7424
61.5481 4.41677 60.1578
58.1643 -18.9652 59.5092
57.4276 -40.3124 59.2037
55.0213 -62.1483 43.6776
63.4402 22.2468 58.607
59.96 -2.46858 60.6845
57.3653 -25.268 60.9337
56.7025 -46.2797 57.8043
64.8823 40.9192 55.9559
62.5906 16.1679 61.6029
58.6491 -8.09322 61.3571
56.8445 -30.3675 62.0841
55.8933 -51.4065 56.1339
63.9411 35.7239 57.5831
61.4757 10.7476 63.3325
57.4647 -13.03 61.9338
56.3189 -34.8351 62.5632
54.8785 -56.0188 53.6851
63.4001 31.5442 60.4782
60.458 6.59238 64.565
56.5539 -16.7958 62.4842
55.6225 -38.3212 62.9688
53.7691 -59.6202 50.9149
62.7658 28.5933 62.1838
59.5254 3.68358 65.2422
55.9935 -19.4924 63.9979
55.0382 -40.7657 63.3051
52.7371 -62.1899 48.5496
62.0409 26.8763 62.7602
58.8006 1.94863 65.9335
55.4285 -21.0625 64.8363
54.5224 -42.1504 63.5518
52.0285 -63.723 47.7028
61.3901 26.3431 62.9325
58.324 1.34198 66.9494
54.9753 -21.5832 65.7051
54.089 -42.5866 64.2086
51.5688 -64.181 48.1632
61.1877 27.4815 63.9159
58.1139 2.47353 67.7878
54.5884 -20.5211 66.4197
53.7096 -41.5954 65.138
51.4509 -63.0178 50.4196
61.3003 30.3134 65.2085
58.2682 5.32316 68.9453
54.3721 -17.8756 67.0294
53.2743 -39.1152 66.1931
51.5744 -60.2539 53.9055
61.6432 34.8351 66.3882
58.6249 10.0098 69.5823
54.4686 -13.6199 68.1167
53.271 -35.1017 67.2188
51.9374 -56.0247 58.4113
61.8622 40.5505 66.3277
58.5753 16.1648 67.6946
55.0251 -8.25236 69.8776
52.9385 -30.1691 68.705
52.203 -50.8098 62.739
61.7123 47.4763 64.4344
58.7547 23.4975 66.1305
55.7475 -1.57046 70.8086
52.655 -24.1183 69.6642
51.9272 -44.7327 66.6978
49.1474 -66.5139 49.8501
59.7541 31.4566 68.1086
56.8171 6.45265 71.8512
52.8056 -16.8191 70.4092
51.8633 -37.9573 68.626
50.2287 -58.9269 58.1731
60.5572 39.9405 68.7292
57.32 15.4916 70.1169
53.6421 -8.8196 72.1203
51.6145 -30.5921 70.7059
50.9217 -51.1539 64.4317
60.5141 49.171 65.8465
57.7869 25.2474 68.4169
54.8506 0.084958 73.2052
51.4476 -22.5482 71.9921
50.683 -43.2632 69.1372
48.2701 -64.5931 53.9203
58.9394 34.857 70.1615
56.0418 10.0081 73.3092
52.0623 -13.6794 73.6185
50.6891 -34.921 71.0987
49.4127 -56.6737 62.2059
59.4258 43.9827 68.9676
56.2401 19.9763 69.891
53.0543 -4.9985 74.4705
50.3385 -27.062 73.0555
49.8161 -49.4146 67.0527
45.5935 -71.7381 46.2707
57.1148 28.6863 70.9853
54.1466 3.51215 75.0032
50.4024 -19.4114 74.3225
49.4146 -40.3221 71.6828
47.0549 -64.9035 56.0753
57.7843 35.9999 71.9898
54.9069 11.2191 74.8654
50.8812 -12.5962 75.6452
49.3718 -33.839 73.1035
47.7696 -59.036 62.2138
58.1282 42.8014 71.5048
55.0127 18.7364 72.6301
51.6628 -6.161 76.922
48.9672 -27.9963 74.9385
48.107 -53.3309 66.6755
58.0736 49.6799 69.5493
55.494 25.8582 73.0035
52.433 0.570981 77.347
48.8097 -21.939 76.0281
48.0617 -42.7126 72.9644
44.5246 -70.1521 51.9813
56.14 32.0275 74.7922
52.9568 7.04222 76.8476
49.0547 -16.2529 77.4027
48.0427 -37.1404 74.1483
45.7487 -63.5382 60.4461
56.6106 39.3547 74.6
53.4249 15.0132 75.413
49.8046 -9.44194 79.0597
47.5928 -30.8394 76.1989
46.3568 -57.2397 66.0883
56.6657 46.7941 72.4352
53.9162 22.99 75.0474
50.7218 -2.32086 79.707
47.375 -24.4545 78.1404
46.6537 -51.585 70.281
42.2139 -73.8583 49.3526
54.5942 29.8189 76.7591
51.3356 4.61584 79.0826
47.4768 -18.284 79.1604
46.8096 -38.9441 75.8318
43.9176 -66.522 59.6269
55.2335 37.6305 77.1983
51.9197 13.1834 77.3422
48.1651 -11.0157 80.716
46.3348 -32.2192 78.1037
44.6674 -60.1275 65.8499
55.3251 45.0595 74.9637
52.5036 21.2571 77.0277
49.0931 -4.02211 81.5645
45.9685 -25.9 79.9769
45.2791 -52.4406 71.6629
40.8064 -74.704 50.5754
53.4526 29.8308 79.115
50.0618 4.57697 80.846
46.2116 -18.2416 81.1401
45.5562 -38.8014 77.893
42.9443 -65.2145 62.8803
54.2189 39.8952 78.5039
50.8053 15.7721 77.798
47.2298 -8.88093 82.4876
44.4983 -30.21 80.2894
43.9863 -55.8657 70.6726
54.3898 51.33 74.1151
52.4316 27.6171 80.5973
48.8913 2.19491 82.5771
45.097 -20.2618 82.2969
44.678 -40.6074 78.6028
42.0862 -65.6018 64.0351
53.5224 41.0034 79.5466
50.0147 17.1235 78.1972
46.5986 -7.82252 83.8352
44.1817 -29.252 82.4197
43.671 -52.2358 74.7112
39.4036 -74.2516 54.5878
52.5077 31.962 83.5072
48.5139 6.98175 81.7503
44.7201 -16.0962 83.5544
43.9381 -36.7651 81.3132
42.3614 -58.7185 70.5734
53.0415 49.6047 76.3926
51.1232 25.989 82.7825
47.2462 0.461091 84.2033
43.646 -21.7377 84.1128
43.4957 -41.8448 80.5546
41.3444 -62.7568 68.4168
52.4622 45.5941 78.8969
49.6071 22.1061 80.5465
46.0638 -3.44633 84.9869
43.0221 -25.3059 85.2154
42.9311 -45.0596 79.7533
40.2672 -66.3154 65.9782
52.1016 42.0616 82.2037
48.3058 18.5182 79.3291
44.9892 -6.71499 85.6963
42.4462 -28.2229 85.4084
42.3249 -47.9539 79.152
39.1837 -69.428 63.5919
51.8172 39.0329 85.7483
47.7751 15.1059 81.5593
44.0266 -9.36228 86.1785
42.1285 -30.5989 85.9352
41.7358 -50.3987 78.8475
38.1589 -72.0673 61.6019
51.4794 36.6761 88.3588
47.2932 12.4573 83.6848
43.1757 -11.4264 86.5669
41.8006 -32.4494 86.3561
41.0714 -52.3621 78.4153
37.1464 -74.1644 59.7369
50.8598 35.0529 89.0833
46.7272 10.514 85.0838
42.5258 -12.9419 87.1256
41.4644 -33.8208 86.6709
40.4543 -53.8493 78.203
36.2059 -75.7385 58.1732
50.2956 33.9944 89.6159
46.1258 9.25816 85.8459
42.0353 -13.9453 87.887
41.1671 -34.7318 87.4227
39.8552 -54.804 78.1374
35.478 -76.799 57.5114
49.792 33.4725 90.1041
45.6418 8.63362 86.5417
41.5227 -14.4137 88.2998
40.8019 -35.1592 88.1011
39.3605 -55.2659 78.4691
34.9645 -77.2688 57.7815
49.3587 33.4815 90.5982
45.2356 8.62043 87.0862
41.0752 -14.3841 88.7363
40.4067 -35.1306 88.8437
38.9572 -55.2125 79.3292
34.5937 -77.1247 58.6567
48.9038 33.5007 90.9772
44.8245 8.6104 87.6137
40.6286 -14.3563 89.1878
40.0334 -35.1162 89.7089
38.5773 -55.1546 80.2448
34.2811 -76.9928 59.7808
48.5756 34.0406 91.5466
44.1839 7.3965 88.1755
40.125 -15.3146 89.6531
39.6957 -36.0022 90.18
37.9829 -56.1005 80.0671
33.5614 -78.0662 59.1767
47.9992 33.5445 91.7052
43.1626 4.44055 88.6913
39.4884 -17.8255 90.2456
39.4085 -38.2372 90.2489
37.3362 -58.5067 78.4793
48.291 55.1524 80.3155
47.0439 31.4978 91.2504
41.9684 0.465857 89.5812
38.7079 -21.4324 91.6244
39.0315 -41.4242 90.0158
36.3692 -61.8371 76.7501
47.7701 51.7947 82.2621
45.9896 28.4298 90.6377
41.0713 -1.69894 90.1239
38.1556 -23.4854 93.0169
38.5981 -43.2475 90.0846
35.5655 -63.7656 76.2416
47.4174 49.5013 84.5706
44.6421 26.5356 87.7522
40.3249 -3.30705 90.8168
37.6156 -25.074 94.2474
38.1548 -44.614 90.2376
35.101 -65.1215 75.5681
47.0178 48.3443 86.0284
43.826 25.6286 86.5742
39.8682 -3.28058 91.1468
37.1936 -25.037 94.8346
37.7545 -44.5726 90.8671
34.6179 -65.0391 76.4198
46.6324 48.3318 86.7064
43.2984 25.6113 86.7096
39.406 -3.25189 91.4506
36.7654 -24.9906 95.4232
37.3942 -44.5465 91.6473
34.2327 -64.9402 77.0992
46.22 49.4851 86.3591
43.0915 26.6786 87.8919
39.1936 -2.15585 91.7281
36.4487 -23.915 95.4726
37.1173 -43.5966 93.0244
34.044 -63.7867 78.5288
45.8209 50.6157 86.0681
43.0575 27.7195 90.098
38.8484 -1.58724 91.9456
36.0878 -23.3488 95.7502
36.7278 -43.0919 93.7943
33.9388 -63.1515 79.2087
45.3906 51.734 85.7142
43.0519 28.6137 92.1922
38.6104 -0.489501 92.1115
35.7352 -22.1788 95.7374
36.3144 -42.0975 94.5969
33.789 -62.026 80.5129
44.882 53.402 84.7502
43.1623 30.076 94.0216
38.3428 0.598901 92.2584
35.4346 -21.0666 95.78
35.9139 -41.0852 95.3584
33.6014 -60.8981 82.0175
44.418 55.0358 84.0646
43.1896 31.6197 94.9903
38.0938 1.66705 92.5709
35.0345 -20.0132 96.0948
35.5742 -40.0332 96.0865
33.3678 -59.7983 83.6307
44.0583 56.0787 84.1748
43.0192 32.6654 95.5818
37.8491 2.75601 92.7996
34.5244 -18.9557 96.347
35.1452 -39.0345 97.1764
33.2207 -58.7517 85.0249
27.9365 -81.3132 64.335
42.8377 33.7269 96.0483
37.5955 3.88793 92.8592
34.1991 -17.8797 96.5326
34.6404 -38.1105 98.3197
32.951 -57.709 86.5942
28.1642 -79.9584 67.2234
42.8926 35.3351 96.9204
37.6888 6.24712 93.1811
33.8718 -15.7004 96.5494
33.9092 -36.381 100.063
32.9848 -55.6915 88.4921
28.6539 -77.4962 71.117
42.8808 37.5397 97.3626
37.7134 9.34784 92.7588
33.491 -13.0996 96.7541
33.0732 -34.1149 101.769
33.2317 -53.2342 90.5435
29.0877 -74.5897 75.221
43.0413 40.7443 98.3619
37.7291 14.0272 91.7626
33.7095 -9.51387 96.2549
32.6526 -30.6251 101.81
33.2902 -50.1766 94.4234
29.405 -70.7365 79.3735
42.4178 45.4157 95.514
37.2581 19.6234 91.7984
33.8321 -4.89548 95.7758
32.3659 -26.1849 100.542
33.2338 -46.1277 98.8131
29.8097 -65.9971 83.3282
41.7024 51.2437 90.8372
37.8793 28.4345 91.6468
34.5256 1.91021 94.6451
32.066 -19.4796 98.9569
32.7175 -39.8936 101.889
30.7082 -59.2972 88.968
25.595 -81.8139 68.2561
40.3576 35.0281 97.4024
35.9817 10.0426 93.8201
31.7892 -12.4202 98.101
31.6897 -33.2828 103.896
31.8234 -52.678 93.6921
27.7601 -73.617 78.7102
41.9714 43.1234 99.3956
35.7533 19.7213 92.4587
32.3128 -4.78044 96.9366
31.1385 -25.8894 102.196
32.1212 -46.0686 101.006
28.7264 -65.7189 85.8777
40.3524 52.3142 91.1221
35.2434 27.684 91.6692
33.0313 2.17453 95.5281
30.7495 -19.1952 100.388
31.3765 -39.7973 103.953
29.3701 -59.105 91.3105
24.6371 -81.4508 70.7898
39.1633 36.2408 97.8419
34.1577 9.02319 94.985
30.4555 -12.9993 99.2991
30.5385 -34.0434 105.654
30.3766 -53.5089 95.3213
26.4535 -74.3932 79.8063
40.2017 42.6912 100.466
34.5802 16.8415 93.8691
30.5219 -7.08104 98.5197
30.2152 -28.1062 104.542
30.5386 -48.216 100.665
27.0977 -68.0418 86.3112
39.2374 50.3933 94.7469
33.6512 24.2102 93.1815
30.9395 -0.286198 97.2929
29.5017 -21.3805 102.624
30.2213 -42.0589 105.141
27.6857 -61.4461 91.753
38.4902 56.7291 89.2596
37.3162 34.278 98.0516
32.0754 6.75133 96.0697
29.1159 -14.8752 100.779
29.1836 -35.9407 107.247
28.6504 -55.2698 96.1737
24.9061 -76.2682 79.6908
38.5959 41.6746 100.588
32.977 16.3924 94.705
28.9452 -7.3516 99.3945
28.8501 -28.557 106.848
29.0279 -48.5196 101.956
25.855 -68.3231 88.2827
37.8769 50.5722 95.664
32.2312 24.4684 93.7735
29.363 0.0428946 98.3118
28.1705 -21.1547 104.3
29.4753 -42.439 106.961
26.4453 -61.8535 93.1007
37.0946 56.6303 90.1379
35.7892 34.146 98.4744
30.6199 6.96764 96.939
27.716 -14.7068 102.01
27.9542 -35.7976 108.862
27.127 -56.5772 97.0533
23.3568 -77.6186 79.7592
36.6821 40.1145 100.28
31.085 13.1792 96.298
27.2405 -9.70063 100.805
27.7549 -30.8116 108.918
27.0876 -53.699 99.6076
23.8914 -74.2607 84.9865
36.5814 44.2212 101.051
30.7427 18.2058 95.5701
27.2048 -5.43905 100.278
27.4072 -26.7572 107.946
27.2674 -50.8011 101.699
23.9091 -70.5646 89.413
36.1986 48.0153 99.4661
30.1881 24.0759 94.4803
27.4799 -0.134779 99.4756
26.4833 -21.5351 106.857
27.3443 -46.7602 105.65
24.1723 -66.0415 93.0175
35.3706 52.3929 95.4599
31.3348 29.1211 96.3465
28.0575 4.78185 98.1277
25.731 -16.8754 104.971
26.3654 -37.9272 110.515
24.4394 -61.0467 96.1686
34.9287 56.9336 92.0275
33.3388 34.3763 99.4319
28.2097 8.0358 97.7902
25.3316 -13.8137 103.871
26.2302 -34.8591 111.137
24.4368 -58.1879 98.6008
20.7953 -79.4005 80.2911
33.748 38.2638 101.295
28.2702 12.1175 97.9229
24.882 -10.2772 102.661
25.6712 -31.5006 111.549
24.6574 -54.885 101.262
21.7307 -75.4613 86.9175
33.5609 39.4381 101.77
27.8626 13.4448 97.6721
24.4769 -9.16092 102.627
25.1207 -30.4531 111.96
24.3165 -52.6967 103.17
21.5985 -72.837 90.7801
32.9644 38.7762 101.932
27.2567 12.8518 98.1089
23.9909 -9.62576 102.809
24.7125 -30.8987 112.484
24.3059 -51.0313 104.576
21.3474 -70.6651 93.148
33.0602 47.7575 101.291
26.6623 12.2755 98.4663
23.5225 -9.99863 103.041
24.297 -31.3639 113.009
23.7905 -51.4147 104.782
20.8768 -71.135 93.4251
31.9398 38.1868 101.592
26.0165 11.1586 98.7311
23.0343 -10.8382 103.559
23.8973 -32.3073 113.604
22.9743 -52.5688 104.58
20.3006 -72.6827 92.7293
31.2443 37.0097 101.265
25.3741 10.1323 98.7543
22.538 -11.7373 104.219
23.3333 -33.1743 114.098
22.405 -54.1848 104.064
19.7223 -74.7334 91.1469
30.3447 35.4853 100.571
24.6578 8.65286 99.1307
21.9414 -13.2955 105.774
22.82 -34.4802 114.415
21.8083 -55.9068 103.171
19.0684 -76.753 89.0008
30.2447 34.2832 100.775
23.6747 7.05188 99.8857
21.3121 -14.8076 107.846
22.4647 -35.7483 114.594
20.8075 -58.0976 102.094
18.1142 -79.2786 84.6646
25.6789 28.2116 95.406
22.5873 3.939 101.512
20.9852 -17.9744 110.505
22.0514 -38.484 114.105
19.7274 -61.5123 100.568
30.2153 57.3695 94.6847
23.9392 24.0505 97.54
21.5244 0.414279 102.883
20.7138 -21.5589 111.667
21.5559 -42.1162 111.492
18.8844 -64.0207 99.8967
29.7378 55.4608 96.4217
23.3311 22.4969 97.1768
20.859 -1.05153 103.52
20.3124 -23.0006 112.583
21.2932 -45.0556 110.268
18.3989 -64.4533 100.19
29.3539 54.9009 97.3121
23.2959 22.5348 97.5023
20.3467 -0.987085 103.792
19.8294 -22.9565 112.753
20.5834 -43.4298 110.353
18.197 -62.8998 101.306
28.7182 56.3326 96.2253
23.9411 27.1996 95.7848
19.9183 -0.402866 104.026
19.3384 -22.4315 112.847
19.7307 -42.84 110.347
17.7719 -62.3784 101.997
28.2231 57.2553 95.7863
23.7609 30.171 94.6203
19.6648 1.21762 104.037
18.7065 -20.9295 112.375
19.7704 -41.1458 112.005
17.4398 -60.878 103.282
14.2275 -82.8009 83.0757
25.1085 32.4047 99.329
19.3972 2.86606 103.829
17.9337 -19.3638 111.899
19.2975 -39.601 113.92
17.0917 -59.3277 104.621
14.6385 -80.915 86.8653
26.1961 36.5352 102.301
19.7256 7.76294 102.053
17.5653 -14.4251 108.823
18.3398 -35.4913 116.45
17.2937 -54.9973 107.87
15.1777 -76.1467 95.3214
27.2122 44.2391 106.455
19.9718 15.0197 98.8905
17.4626 -7.46615 105.543
17.5921 -33.0229 117.702
17.2293 -52.5227 109.289
14.8792 -73.3972 98.4914
26.2683 46.8275 105.722
19.6512 17.9341 97.6413
17.213 -4.80729 105.651
16.882 -31.9942 118.152
16.8505 -51.5358 110.174
14.5826 -72.2898 99.64
25.936 48.5415 104.802
19.319 20.3674 97.5039
16.8419 -2.63897 106.024
16.1861 -31.4495 118.535
16.4134 -50.987 110.776
14.2013 -71.7262 100.551
25.5336 49.0561 104.618
20.8604 29.1377 94.6982
16.4381 -1.51442 106.335
15.7691 -31.8931 118.695
15.9197 -51.3573 110.928
13.7035 -72.1648 100.678
25.1044 48.99 104.818
20.4659 29.1503 94.7994
15.9876 -1.46744 106.805
15.3621 -32.3602 118.974
15.3977 -51.7754 111.071
13.2034 -72.5867 100.749
24.6911 48.3071 105.513
18.0365 21.8187 96.9529
15.522 -1.41692 107.28
15.0197 -33.2893 119.087
14.7989 -52.6996 111.087
12.7145 -73.5293 100.523
24.2789 47.6518 105.981
17.2749 20.6197 97.9144
14.8919 -2.39827 107.651
14.5904 -33.7724 119.401
14.1958 -53.15 111.316
12.2716 -73.9655 100.581
23.8587 47.1227 106.372
16.7825 20.6991 97.9503
14.3431 -2.33253 108.208
13.4728 -27.2332 118.888
14.5916 -46.6112 113.051
11.9854 -67.6438 105.089
22.8352 53.9237 102.088
20.2713 33.1137 101.364
14.7601 5.31066 106.769
11.7688 -18.4494 113.736
14.4814 -39.1371 116.065
11.7806 -59.0164 109.364
10.0626 -80.5834 93.6662
22.1852 41.3503 106.899
15.4193 14.7734 101.316
12.8323 -8.01197 118.868
12.5389 -29.6768 120.13
13.3455 -48.8603 113.605
10.8545 -69.9503 104.668
22.2036 50.8208 104.779
18.1498 30.3436 98.4232
13.4323 2.62796 109.195
11.0832 -19.7595 115.543
13.4661 -40.6691 114.408
10.8498 -60.5261 108.324
8.43632 -82.2739 91.2716
20.7752 38.6362 105.572
14.2473 13.2452 103.419
11.5615 -9.41987 119.71
11.6801 -32.7309 121.284
11.7827 -51.8137 113.764
9.69879 -72.8833 103.551
21.5256 46.9986 107.928
14.9636 23.1676 96.9419
11.8815 0.026899 111.044
10.7405 -24.8685 119.012
12.5586 -44.8687 114.535
9.53031 -65.5753 107.19
20.1922 54.6472 102.334
17.9111 33.7824 102.562
12.7664 9.44197 107.636
9.45576 -16.48 114.938
12.1652 -37.9535 118.55
9.52403 -58.0124 110.825
7.83742 -79.2563 96.9121
19.702 41.4417 108.14
13.3165 19.3303 100.499
10.3696 -3.80347 119.466
10.0358 -30.2054 121.559
10.8916 -49.5127 115.098
8.2036 -70.8227 105.853
19.6406 49.4112 107.572
15.1121 28.8725 98.352
11.0488 5.49934 111.011
9.03788 -22.6179 118.903
11.3099 -43.2706 115.525
8.07157 -63.5443 108.147
3.85618 -86.1504 84.2965
17.5423 36.4979 104.826
12.0031 14.5576 105.454
8.04787 -14.6642 117.095
10.0967 -36.1381 121.64
8.32383 -55.8699 112.971
6.39108 -77.1068 100.517
18.6093 44.52 109.351
12.4423 23.2116 98.7505
9.12816 0.00487447 116.785
8.29518 -28.495 122.176
9.67482 -47.8419 116.549
6.40644 -69.2676 107.449
17.7252 52.0429 105.784
14.2303 31.3702 101.149
9.76111 8.19534 112.15
7.27278 -20.7001 118.568
9.42312 -41.8362 116.571
6.63816 -61.844 109.018
3.51362 -84.0493 89.8702
16.5773 39.1097 107.728
10.7561 17.219 105.29
7.5822 -5.70312 123.734
8.09608 -33.9372 123.741
7.48382 -53.5139 114.473
4.91816 -75.0086 103.233
17.1471 47.2391 109.662
11.5425 25.9314 98.46
7.71485 2.65757 117.397
6.64182 -25.2617 121.706
8.17902 -45.3393 118.624
5.26096 -66.275 108.87
16.097 55.9031 103.404
14.2101 34.871 104.845
8.63945 12.1223 112.167
5.71363 -16.6177 117.587
7.78986 -37.6067 121.176
5.61534 -57.6759 111.91
3.42854 -79.199 98.1597
15.3803 42.1805 110.377
9.62673 20.4475 104.32
6.35239 -2.66958 125.045
6.04584 -30.1443 124.425
7.04794 -49.8098 117.379
3.52413 -71.1853 106.606
15.3763 48.7584 108.859
10.5945 28.0546 99.9452
6.20099 4.14387 119.553
5.15118 -23.4198 121.7
6.58476 -43.647 119.444
3.91063 -64.6803 109.708
14.763 54.6977 104.59
12.3714 33.964 104.606
6.66582 10.7735 115.573
4.17929 -17.5622 118.922
5.7791 -38.482 121.411
3.85157 -58.4914 111.394
1.55612 -80.3076 96.5913
13.1384 39.9428 109.622
7.49053 17.4906 111.639
4.80625 -5.03759 126.668
5.0588 -32.2695 125.306
4.72046 -53.1255 115.528
1.67321 -74.9031 103.05
13.2425 44.7998 111.061
8.16442 23.0951 105.074
4.6099 -0.135772 126.96
3.89261 -27.1577 124.434
5.12272 -48.6759 119.878
1.56969 -70.1366 107.296
13.0738 48.7992 109.376
8.55973 27.5031 101.808
4.11622 4.01482 123.672
3.31965 -23.1371 122.846
4.67389 -46.1902 121.174
1.38228 -67.6559 108.854
12.605 50.7444 108.286
8.27479 29.6237 102.933
3.76119 6.10431 122.514
2.59408 -20.1261 121.174
4.03386 -44.2403 120.901
1.03866 -65.628 109.707
12.172 52.2105 107.364
8.86451 31.2013 104.132
3.41402 7.67976 121.998
1.85083 -18.4652 120.897
3.29129 -43.3036 121.425
0.63639 -64.5541 110.191
11.7285 51.7252 107.576
8.15622 30.6245 104.403
2.83304 7.13925 122.944
1.28283 -17.8727 120.806
2.65499 -42.8723 121.86
0.0964913 -63.9619 110.269
11.2419 52.3547 107.116
7.92326 31.1616 105.008
2.4131 7.69942 123.071
0.674218 -16.8093 120.621
1.84915 -42.0064 121.909
-0.403993 -62.8736 110.457
10.6831 53.0631 106.529
7.60563 31.7054 105.348
1.97718 8.2859 123.169
0.106662 -15.3103 120.534
1.94612 -35.9299 123.631
-0.445674 -60.1942 111.654
-5.07605 -85.3312 86.7161
8.30176 35.0006 107.328
1.76329 11.6726 121.238
-0.192726 -11.4947 122.709
1.2348 -32.1722 126.716
0.0290012 -55.4467 113.772
-2.7896 -77.3957 100.737
8.38241 38.4779 109.985
2.03048 15.6508 118.058
0.795931 -6.11948 130.274
-0.213276 -26.787 126.331
0.920355 -49.3385 121.125
-2.84477 -71.1409 106.557
8.85258 44.8762 111.319
2.89113 22.7689 113.152
0.421609 0.0610478 131.974
-0.867132 -20.077 122.535
-0.100518 -42.0186 122.097
-2.47739 -63.2544 110.666
8.57165 52.8247 107.404
5.49092 31.1741 106.584
0.0437643 7.88052 124.85
-1.48272 -12.7888 121.914
0.103872 -33.4259 126.2
-1.2154 -54.3223 114.897
-4.28546 -76.1586 102.339
7.43088 40.4337 111.493
1.00687 17.9278 117.121
-0.292875 -4.15114 132.421
-1.72982 -24.4204 124.959
-0.381982 -45.3261 121.06
-3.8894 -66.6268 109.744
7.45364 49.3372 109.673
3.16179 28.0186 107.843
-1.05074 4.72905 128.741
-2.59201 -15.394 120.66
-0.893145 -35.8599 124.236
-3.16707 -57.6004 113.221
-5.76349 -79.6712 98.0351
5.68728 38.373 110.597
-0.495814 15.7165 119.506
-1.60256 -5.96271 132.422
-2.34809 -26.2002 125.333
-1.59095 -46.677 122.002
-4.93083 -68.3226 109.11
5.98028 48.5395 110.738
1.65996 26.9151 109.424
-2.10471 3.79014 130.368
-3.70529 -16.1548 120.754
-1.95441 -36.6955 123.726
-4.43621 -58.1546 112.931
-6.97689 -80.2459 97.084
4.27416 36.9682 110.695
-1.80835 14.121 121.195
-2.79337 -7.26288 132.157
-3.0932 -27.6055 125.538
-2.53973 -48.0206 122.072
-6.18057 -69.9636 108.244
4.58866 45.4241 112.198
-0.808563 23.4771 114.322
-3.1137 0.822941 133.68
-4.25586 -19.052 122.006
-4.15145 -39.6244 119.624
-6.27009 -61.0909 111.726
5.09374 54.8377 105.261
1.9894 32.8271 109.751
-3.56643 9.79298 125.659
-4.53221 -10.8141 127.005
-4.17883 -31.2992 127.708
-4.3226 -52.454 117.119
-7.71514 -74.6196 104.251
3.31015 40.9298 112.233
-2.72238 18.5162 118.842
-4.04722 -3.56408 135.797
-4.79858 -23.4343 123.565
-4.04158 -44.3313 121.302
-7.63779 -66.0873 110.003
3.25803 49.3355 110.825
-1.69853 25.2909 112.811
-4.80088 2.4375 133.4
-5.74551 -20.3543 122.615
-5.32715 -41.67 121.936
-7.97709 -63.1304 110.87
3.33481 52.2819 107.672
-1.59255 27.0102 111.325
-5.43779 4.02478 132.355
-6.53681 -19.262 122.232
-6.48868 -39.9158 120.167
-8.51348 -61.3877 111.182
3.07914 54.6493 104.837
-1.49556 28.6454 110.753
-6.04687 5.69794 130.699
-7.39683 -17.6842 121.858
-5.85097 -38.4375 122.529
-8.60859 -59.7719 111.916
2.6672 55.8175 103.983
-1.63089 29.6926 110.854
-6.56905 6.84626 129.583
-8.09835 -17.1004 121.626
-6.27509 -37.8909 123.351
-9.06122 -59.161 112.123
2.20733 55.3274 104.211
-2.31016 29.2588 110.328
-7.02675 2.64902 133.704
-8.20186 -20.5482 122.662
-7.45339 -42.2911 122.784
-10.3883 -63.8326 110.421
1.17771 49.0434 110.164
-5.98031 19.7975 118.151
-6.85267 -2.38901 136.678
-8.07463 -25.8512 124.785
-7.40825 -48.7642 121.572
-11.2084 -70.8885 107.024
-0.471133 40.9467 113.259
-7.40342 14.4376 122.486
-8.11726 -7.00257 134.085
-7.85972 -30.6805 127.666
-9.38635 -53.81 115.871
-12.5487 -76.4218 100.245
-1.93693 36.7568 112.841
-8.69312 8.75196 127.244
-9.84338 -20.2255 122.344
-8.77298 -44.1594 122.544
-12.1659 -65.9666 109.168
-0.671971 45.7558 111.61
-8.14014 16.6623 120.339
-9.60869 -9.00172 129.706
-9.01875 -33.8181 125.84
-11.8115 -58.5016 112.253
-0.467666 53.8532 105.016
-4.11182 31.5932 109.701
-9.24013 -6.38862 134.367
-9.85564 -31.3885 127.252
-11.569 -54.6367 115.16
-1.28158 57.469 103.401
-3.62566 34.3777 110.546
-10.3485 -6.76383 133.556
-10.3255 -32.6627 126.471
-12.3697 -55.0917 114.762
-1.89047 56.3391 103.897
-4.65944 33.4215 110.375
-12.7922 -15.1905 119.355
-10.6253 -35.6104 123.685
-13.6367 -57.9598 112.768
-1.62818 51.7325 106.74
-6.71135 29.8427 108.652
-12.4809 -22.8208 122.377
-11.754 -44.2982 122.552
-15.1429 -66.6455 107.376
-3.43606 42.2154 110.202
-12.256 -6.43108 131.975
-11.5206 -35.9509 122.697
-15.1878 -59.1508 111.985
-3.38903 48.9658 107.463
-9.31164 27.7646 107.43
-12.3539 -32.7317 125.763
-14.7986 -55.1143 114.465
-3.78062 52.6439 105.555
-8.38708 30.5204 108.224
-13.4135 -30.2883 125.51
-14.6949 -52.5483 116.847
-4.31072 54.4692 104.653
-8.31699 31.9198 109.187
-14.434 -28.135 123.595
-14.7313 -50.5632 118.804
-5.11725 56.3826 103.839
-8.25861 33.2371 109.981
-15.0296 -26.701 123.014
-15.0767 -48.999 119.525
-5.84112 57.5391 103.137
-8.31048 34.1673 110.004
-15.6411 -24.0618 121.194
-15.3606 -46.4519 120.337
-19.7531 -69.1246 102.1
-8.39312 35.0647 109.946
-16.2718 -22.9272 120.08
-15.8365 -45.0387 120.11
-20.3975 -68.0638 102.09
-8.72287 35.625 109.555
-17.1326 -21.9111 118.942
-16.212 -44.0358 119.843
-21.0381 -67.5298 101.654
-9.07192 36.2889 109.129
-17.8607 -20.3195 116.865
-16.622 -40.8817 117.865
-21.2268 -64.6867 103.424
-8.77072 38.185 109.752
-18.3249 -16.5569 112.187
-15.8471 -37.4781 119.191
-20.8878 -60.8494 107.037
-8.27746 41.6245 109.158
-16.5622 11.4216 108.287
-17.8781 -31.7265 122.423
-20.1044 -54.419 113.338
-8.64333 46.4745 107.782
-15.4746 25.9971 99.3815
-19.0099 -24.5243 119.58
-19.0206 -45.91 117.751
-9.73636 53.8563 105.226
-13.1613 31.6981 102.427
-17.9077 10.3286 106.763
-19.1336 -30.1646 121.46
-20.9229 -52.6476 114.042
-9.63506 45.9766 108.05
-16.6065 25.7529 98.2201
-20.7417 -14.1867 110.733
-19.2746 -35.1247 120.707
-22.9697 -58.5477 107.177
-10.7888 39.5332 108.4
-18.8139 19.2177 98.5017
-20.7631 -20.1254 115.053
-20.3919 -41.306 114.286
-25.8331 -65.5311 97.2451
-13.6548 33.9939 105.064
-19.7907 8.31585 105.029
-20.8177 -29.102 120.206
-22.6836 -51.3271 113.647
-11.2859 45.3728 108.269
-19.8606 20.3647 98.2823
-22.1619 -17.3463 112.489
-20.6089 -38.7575 115.808
-26.5786 -62.6105 99.0631
-13.9952 35.4273 105.583
-20.9539 9.34439 103.39
-22.033 -25.5052 118.214
-22.7479 -46.546 115.04
-12.7994 48.5858 107.829
-19.017 27.8244 95.992
-23.6882 -10.3358 108.438
-22.1706 -31.5119 119.606
-25.2203 -54.1337 109.332
-13.498 41.8385 108.281
-21.8253 16.1549 98.655
-24.0084 -15.2504 110.786
-22.4302 -36.652 118.044
-28.0099 -60.3528 99.7935
-15.1014 37.0604 105.929
-22.8091 10.9949 101.367
-24.3957 -16.7029 111.473
-22.9542 -38.2505 116.128
-30.0128 -62.2913 95.1763
-16.2188 35.3673 104.501
-23.5783 9.05869 101.868
-25.4424 -13.0975 109.123
-23.7277 -34.3557 118.307
-28.4668 -57.8411 101.998
-15.5215 38.602 106.882
-23.6689 12.8717 99.7166
-26.4067 -8.83195 106.883
-24.3244 -30.248 118.136
-28.0077 -52.9707 107.592
-15.3322 42.4372 108.338
-23.771 17.0479 97.1697
-26.775 -4.70209 105.085
-25.157 -26.1512 116.276
-26.8169 -47.548 111.342
-15.9296 46.8495 108.593
-24.2534 20.8 96.6284
-26.8543 -0.459392 103.578
-26.231 -22.1045 113.536
-25.9226 -43.3952 111.21
-17.2522 51.806 105.553
-21.8037 29.7268 97.4019
-26.8066 4.43453 101.5
-27.0541 -17.4042 110.457
-25.6018 -38.98 115.156
-37.9882 -63.4605 81.35
-19.8816 33.4016 102.312
-26.4503 9.27806 99.6123
-28.7512 -12.779 107.66
-26.5525 -34.2472 117.172
-34.3294 -58.1013 92.8636
-19.3666 36.4653 104.764
-26.3049 13.454 98.0099
-29.8169 -8.1804 105.373
-27.0233 -29.8968 116.22
-31.506 -53.0125 103.002
-18.777 39.5489 107.017
-26.3631 17.3526 95.782
-29.8523 -3.99008 103.427
-28.0192 -25.8373 113.99
-30.3761 -47.8412 107.702
-18.7643 41.782 107.963
-26.9951 19.7713 95.9872
-30.2673 -1.12312 101.754
-28.9119 -23.3322 112.569
-33.3099 -52.4323 100.971
-21.0189 37.0668 105.223
-27.5699 15.6028 95.9043
-31.6358 -5.76112 103.132
-29.2987 -27.7415 113.738
-20.5468 49.7382 106.765
-26.3724 28.6785 94.1206
-29.6616 7.82909 98.5108
-32.369 -14.192 105.993
-30.5225 -35.7757 114.041
-21.6732 38.4195 105.963
-28.6827 18.4681 95.6079
-32.468 -2.19776 101.368
-31.2032 -24.5927 111.446
-21.6738 48.3573 107.803
-28.4801 28.1082 93.6428
-30.9254 8.11162 98.1231
-33.8975 -13.9619 105.041
-32.3743 -35.6095 111.776
-23.6526 36.221 104.12
-29.8043 16.6145 95.314
-34.1438 -3.90561 101.289
-33.0554 -26.2862 110.354
-22.8142 44.2543 110.308
-30.4064 24.5656 95.7062
-33.1015 4.93924 97.969
-35.6023 -17.3465 104.995
-24.6588 55.1101 99.9698
-26.2317 31.4277 100.192
-31.47 12.8058 96.2476
-36.1979 -8.52284 102.087
-34.9132 -30.876 108.731
-24.3391 39.2669 106.998
-31.9929 20.1494 95.2673
-35.6796 0.0289333 98.7524
-37.2089 -22.214 104.646
-24.6298 48.6597 104.565
-31.3507 27.8295 94.476
-34.0868 8.82406 97.3898
-38.1973 -13.1656 101.843
-37.1814 -35.6753 104.575
-26.9333 35.5276 103.318
-32.6562 16.0267 94.3559
-37.8094 -4.29996 99.6355
-39.0711 -26.6268 102.89
-26.3442 42.2578 109.589
-33.6835 23.4524 92.8908
-37.0531 3.61972 96.8761
-39.9521 -18.5886 101.071
-26.6111 50.1747 101.854
-31.816 29.0332 97.4535
-35.6254 9.95012 96.4809
-40.5223 -11.6352 99.6995
-27.1151 48.6591 102.604
-32.7824 28.2523 95.3584
-36.6334 9.07702 96.7188
-41.4244 -12.6161 99.0921
-29.6531 34.6152 102.285
-35.1717 15.4348 93.7835
-28.4296 45.7084 104.427
-35.7647 26.3206 91.7037
-29.4795 50.482 99.853
-33.9094 29.2299 97.4574
-30.6156 51.3812 98.3989
-34.1428 29.636 97.9911
-31.0251 37.2262 104.002
-30.9703 41.1184 106.65
-31.7962 44.2021 103.641
-32.8407 45.939 102.022
-33.3631 45.3807 102.048
-34.0893 38.0402 104.071
