-48.4591 14.1225 85.7461
-54.0095 -4.56888 87.6538
-50.8189 5.71258 89.4466
-51.7172 3.03538 89.9247
-48.503 10.0912 88.0644
-49.3423 8.04558 89.3571
-51.659 0.863965 91.086
-52.2776 -1.98091 90.722
-44.0906 21.4408 85.6354
-46.4248 13.9864 87.2082
-49.1832 6.34696 91.1012
-50.0127 3.67417 92.0416
-51.9826 -4.5691 90.9664
-52.2101 -7.19531 90.3046
-52.3756 -18.6046 85.8296
-46.8095 10.5584 89.2918
-47.6332 8.48302 90.7354
-49.9004 1.57815 93.3511
-50.4689 -0.594596 93.3239
-51.0084 -2.95044 92.5162
-51.7622 -14.3057 89.2
-44.8508 15.073 87.6303
-48.2627 4.3679 93.5964
-50.5527 -5.40081 93.2743
-50.8431 -7.88967 92.6267
-51.0906 -17.2174 88.9708
-51.0575 -22.1936 86.399
-45.0137 11.675 90.0282
-45.4824 10.0042 91.1756
-48.0875 2.28042 95.2489
-48.6756 0.105966 95.6104
-49.2644 -2.20889 95.3151
-50.3258 -12.7125 92.3476
-50.3383 -15.0719 91.2551
-50.3826 -20.1043 88.567
-45.3494 8.40571 92.8305
-46.0221 6.28492 94.1808
-46.5713 4.29779 95.2785
-48.8627 -4.57438 96.0985
-49.1388 -7.06706 95.4719
-49.5215 -9.45174 94.612
-49.6937 -18.0437 90.9031
-41.0397 21.2697 88.276
-42.9874 14.5537 88.9555
-43.5921 11.0524 91.42
-47.0559 0.0706764 97.5725
-47.636 -2.14076 97.597
-48.9208 -11.8608 94.8056
-48.887 -14.2795 93.9582
-48.9167 -16.5344 92.804
-49.1836 -21.626 89.9869
-49.371 -27.7866 86.0361
-43.3278 9.44809 93.2791
-44.3952 6.11927 95.7666
-47.7119 -6.98188 97.6593
-47.9719 -9.46726 96.8742
-48.3239 -18.7717 92.7132
-40.9446 19.9905 90.3855
-41.686 13.831 90.1611
-41.8828 12.1146 91.2485
-44.6785 2.21546 98.1845
-45.8535 -2.15037 99.5978
-47.3187 -11.9261 96.9852
-47.3553 -14.4087 96.1629
-47.4294 -16.6631 95.0072
-47.765 -20.9865 92.5723
-47.7849 -23.18 91.482
-41.4663 24.0075 88.6141
-39.847 22.8496 88.3052
-41.0206 17.8793 92.0408
-41.8755 8.85249 94.8889
-42.401 7.21425 96.3181
-42.8409 5.51573 97.3775
-45.2293 -3.84957 100.531
-45.7425 -6.21022 100.094
-46.1415 -8.74139 99.3723
-46.8573 -18.9553 94.925
-47.2853 -25.4814 91.2268
-47.6005 -27.4928 89.3958
-43.6699 27.4447 89.9291
-40.3287 13.1968 91.3522
-45.5382 -11.3098 99.2778
-45.7018 -13.7269 98.3864
-45.8279 -16.0206 97.3697
-46.3672 -21.2135 94.5532
-46.5112 -23.4327 93.4581
-47.4609 -33.1112 86.768
-38.8512 21.7649 89.0388
-39.9163 15.8524 92.3468
-39.6528 11.5583 92.976
-39.8953 9.89893 94.6742
-40.3084 8.29944 96.3983
-40.7277 6.65016 97.7444
-41.1572 4.87191 98.8177
-43.4331 -3.99425 101.618
-43.8227 -5.63909 101.593
-44.1866 -7.3139 101.288
-45.2435 -18.3396 97.3172
-46.0738 -25.7646 93.3056
-46.3884 -27.8677 91.5165
-44.0145 29.5044 91.738
-39.8968 24.1987 89.8798
-39.7223 18.0231 93.8155
-40.6103 3.43028 99.8828
-41.7105 -0.770979 101.331
-44.0014 -13.832 99.8199
-44.1657 -16.1604 98.9217
-44.7165 -20.7998 97.0825
-45.0101 -23.0788 95.8377
-38.4057 14.5646 92.8353
-39.0669 5.89435 98.8802
-41.0374 -2.50552 101.864
-41.5007 -4.14547 102.067
-41.9317 -5.85807 102.191
-42.4508 -8.26566 101.828
-43.5454 -17.8529 98.9867
-45.1127 -28.2557 93.6511
-45.798 -33.2181 90.0123
-46.1272 -35.9586 87.7343
-44.1746 31.0982 93.6853
-40.2596 26.8121 91.7482
-38.435 16.6665 94.6486
-38.4364 4.5969 99.783
-38.8504 2.60023 100.675
-39.3728 0.607203 101.7
-39.8311 -0.9645 102.179
-41.869 -11.6068 101.251
-42.0336 -13.2384 100.694
-42.3778 -15.5984 100.019
-42.9206 -19.5482 99.1174
-43.2108 -21.856 98.5882
-43.6186 -24.1284 97.3757
-38.9792 25.4752 91.8911
-37.5265 24.2193 90.9541
-37.5948 19.6465 93.4301
-36.6147 10.3317 95.7423
-36.7534 8.66256 97.5409
-37.1017 7.01138 98.7807
-39.1945 -2.60226 102.703
-39.6732 -4.35365 102.741
-40.4707 -8.49959 102.418
-40.7189 -10.103 101.979
-43.7426 -28.6539 95.5929
-44.5181 -33.0621 92.4199
-43.9843 32.9347 95.8908
-36.797 15.2389 94.721
-36.1635 13.2562 93.9084
-36.4137 5.07417 99.7646
-36.727 3.05505 100.815
-37.1969 1.12057 101.78
-37.5883 -0.339529 102.522
-39.8826 -11.8134 101.993
-40.2094 -14.2334 101.321
-40.5369 -15.8483 100.735
-41.0823 -18.9989 100.019
-41.4168 -21.2889 99.3662
-41.869 -23.6434 98.8069
-42.0794 30.8729 95.2331
-40.8439 29.7459 94.4098
-38.4212 27.1768 93.3045
-36.3342 21.01 93.0766
-36.3343 18.8709 94.6511
-36.5159 16.8623 95.5634
-35.1612 11.9819 94.6586
-34.9291 9.69155 96.9697
-35.2584 6.35056 99.3972
-36.8808 -2.06353 103.159
-37.2319 -3.68416 103.395
-37.6376 -5.35566 103.446
-38.051 -7.04917 103.349
-38.3814 -8.6864 103.132
-39.8248 -17.5463 100.823
-41.6134 -26.0356 98.6948
-42.6554 -30.5664 96.2875
-43.1295 -32.7669 94.7531
-39.0125 28.9245 94.3354
-35.024 14.4944 95.0605
-34.7782 2.83375 101.215
-35.2229 0.807776 102.284
-37.834 -12.0927 102.978
-38.4968 -16.0609 101.898
-39.0972 -19.1339 100.974
-39.5249 -20.7149 100.383
-40.0817 -22.9918 99.6665
-40.5112 -24.5598 99.3195
-43.0277 -35.2125 93.5267
-43.4865 -37.9322 90.9365
-41.708 33.3734 98.0626
-40.6887 31.4808 96.5089
-36.4371 26.6859 94.5207
-35.0014 25.6387 93.2248
-35.0631 23.9455 93.8135
-34.9926 21.918 94.5905
-34.7824 19.7405 94.4093
-34.9799 18.2363 95.4601
-33.6837 13.1345 94.8607
-33.2436 11.3134 95.5874
-33.1074 9.04088 97.7514
-34.587 -0.858642 103.368
-34.9553 -2.41823 103.964
-35.9791 -7.27303 104.333
-36.5564 -10.5503 103.856
-37.6548 -17.6893 101.683
-41.0295 -30.042 98.2121
-41.6127 -32.4342 96.7484
-38.9977 30.4676 96.1732
-37.7727 29.4013 95.4255
-32.6393 3.95831 101.002
-35.7392 -12.3704 104.098
-35.9539 -13.9374 103.574
-36.1632 -15.44 102.814
-37.0538 -19.223 101.434
-38.0292 -22.3323 100.443
-38.7483 -24.708 99.8348
-39.8175 -28.6307 99.2514
-41.4915 -34.8686 95.5009
-39.7531 32.8986 97.92
-34.2916 26.6958 94.4365
-33.5362 25.3495 94.1836
-33.4488 23.5181 94.8259
-33.3239 21.5122 95.4762
-33.339 17.9714 95.8126
-31.438 10.6729 96.6983
-31.3517 8.98999 98.2996
-31.3659 7.19517 99.4705
-32.2249 0.43322 103.316
-32.5303 -1.01809 104.205
-33.0907 -4.22013 105.405
-33.417 -5.84827 105.571
-34.0197 -9.09289 105.343
-34.3116 -10.8245 104.959
-35.3293 -17.0906 102.636
-38.3117 -26.4829 100.172
-39.4134 -30.2751 99.0552
-39.8306 -31.9316 98.3329
-41.7339 -39.9307 91.8496
-37.9079 31.4944 97.534
-36.4432 29.9602 96.6267
-30.444 5.7184 100.649
-30.6845 3.65589 101.848
-33.4462 -12.519 104.858
-33.684 -14.0431 104.201
-33.9782 -15.5954 103.758
-35.0302 -19.2652 102.466
-35.5369 -20.8529 102.166
-36.836 -24.7672 101.365
-39.4095 -33.5028 97.7365
-39.9496 -35.0527 96.7289
-40.2436 -36.4858 95.5363
-38.5527 34.3319 99.4791
-34.5624 29.121 96.3455
-31.9003 26.8969 94.6446
-31.7311 25.0761 94.8912
-31.5749 23.0082 95.0854
-31.4606 20.8788 95.3482
-31.3659 18.7503 95.5651
-31.2805 17.0646 96.3834
-29.6931 11.186 96.8221
-29.5311 9.44238 98.5108
-29.4257 7.59066 99.7964
-30.43 -1.32466 105.07
-30.6356 -2.8907 105.642
-30.8967 -4.43839 106.219
-31.3705 -7.69259 106.327
-31.6764 -9.39073 106.02
-31.9907 -11.013 105.644
-33.3275 -17.108 103.637
-40.3913 -41.442 92.0742
-36.7239 32.5995 98.9219
-28.4487 6.16942 100.924
-28.628 4.07833 102.287
-31.3763 -14.1328 105.209
-31.7956 -15.6427 104.705
-32.9866 -19.2281 103.606
-34.1676 -22.4119 102.892
-34.686 -23.9342 102.503
-35.1937 -25.4708 101.919
-39.8771 -43.7213 90.7849
-40.1915 -45.7795 88.7371
-33.8784 30.3605 97.9497
-32.4622 29.054 97.0265
-29.8378 26.7369 95.5202
-29.5304 22.4681 95.6786
-29.4283 20.2259 95.5494
-29.2794 18.6955 95.8681
-29.146 17.0618 96.6357
-27.5694 8.07094 100.164
-28.2283 -1.62268 105.825
-28.3582 -3.12751 106.513
-28.5386 -4.69736 106.962
-28.9229 -6.99505 107.059
-29.1411 -8.70068 106.739
-29.4439 -10.3458 106.362
-35.1237 -27.8084 100.931
-36.3376 -31.0027 99.3203
-37.2723 -34.3455 97.7598
-38.6611 -40.9014 93.799
-34.9275 32.93 99.6963
-26.5463 6.61567 101.38
-26.6347 4.551 102.707
-26.7985 2.43724 103.952
-28.4954 -11.8772 106.526
-29.1097 -14.0534 106.04
-29.5611 -15.4972 105.435
-31.3322 -19.9025 104.301
-31.9287 -21.4363 104.03
-33.3054 -25.4064 102.722
-33.8421 -27.0043 101.962
-38.0605 -43.0092 92.5749
-34.8701 34.8718 101.107
-32.9845 31.6403 99.0741
-31.7511 30.3657 98.3529
-30.5302 29.4632 97.6326
-27.6308 24.9314 96.7183
-27.4262 22.651 96.3389
-27.3347 21.0858 95.8961
-27.2628 19.5704 95.9591
-27.1946 17.9697 96.6613
-26.9566 16.3572 96.9686
-26.2079 12.1928 97.2232
-25.6072 8.55832 100.573
-25.8889 0.931412 105.025
-26.0936 -1.18573 106.181
-26.1582 -4.96533 107.381
-26.5542 -7.21624 107.303
-26.6822 -8.86953 107.019
-27.754 -13.2839 106.479
-29.3369 -17.6039 105.157
-33.5156 -28.8334 101.785
-35.5821 -34.5151 98.4892
-36.1264 -35.9544 97.6539
-36.6792 -38.1233 96.6798
-36.9254 -40.2291 95.3845
-37.5701 -45.2529 91.4976
-37.8457 -46.8995 90.2299
-33.4108 34.0886 100.763
-24.6601 7.0902 101.813
-24.7287 5.03182 103.175
-24.8084 2.89203 104.391
-25.1235 -6.54898 107.626
-25.7702 -10.3613 107.054
-27.3458 -15.2688 106.013
-27.9864 -16.7845 105.784
-28.9395 -19.2757 105.385
-29.604 -20.8421 105.158
-32.0718 -28.2145 102.845
-36.2686 -42.3737 94.4311
-32.0122 33.2073 100.526
-30.9474 31.8853 99.6962
-29.7895 30.6007 98.7867
-28.6913 29.7421 97.9276
-26.1413 27.7833 96.4113
-25.4293 23.5413 96.8367
-25.2863 22.0275 96.3445
-25.0777 19.8265 96.1156
-25.0332 18.1181 96.7242
-24.6309 14.9359 96.9764
-23.8629 10.3371 99.7271
-23.7912 1.29864 105.474
-23.8578 -0.801324 106.524
-23.8235 -3.01829 107.482
-23.8555 -5.17584 107.805
-24.3987 -9.6431 107.337
-25.688 -13.7389 106.676
-27.5026 -18.5861 106.059
-32.8858 -33.1382 100.403
-34.089 -35.4603 98.7164
-34.5851 -37.4822 97.6707
-34.7835 -39.5495 96.6871
-35.7206 -44.6819 93.2425
-35.9821 -46.2763 92.0966
-31.684 35.1965 102.002
-22.8473 6.96069 102.917
-22.8242 4.851 104.254
-22.6916 -6.73497 107.847
-25.0434 -15.3182 106.858
-27.0405 -20.3958 106.457
-27.7019 -22.0552 106.336
-28.5734 -24.4333 105.843
-29.0795 -26.183 104.734
-29.4778 -27.9229 103.875
-29.4647 32.7035 100.494
-26.861 30.0145 98.2233
-24.109 27.2621 96.1223
-23.5669 25.0881 96.5162
-22.8443 18.9081 96.7289
-22.7744 16.6262 96.8499
-22.6215 15.0317 96.9517
-22.2944 13.4183 97.4558
-22.0055 11.5172 98.9511
-21.8749 3.2788 105.415
-21.6383 -3.32151 108.155
-21.5446 -5.41914 108.149
-23.0258 -13.0222 107.486
-27.1994 -23.9667 107.086
-28.8248 -29.764 103.379
-32.2791 -35.3161 99.6721
-33.9394 -45.4046 94.1289
-34.5672 -49.0588 91.6022
-29.2673 35.0867 102.724
-20.974 8.28794 103.119
-20.9843 6.1495 104.493
-20.8127 0.218468 107.271
-20.6257 -9.47887 107.794
-23.1261 -16.5314 107.837
-24.5132 -20.077 108.088
-26.6975 -25.965 106.646
-27.7861 34.1549 102.258
-27.159 32.696 100.891
-25.9204 31.1455 99.6687
-21.2256 22.0644 96.6475
-20.9381 16.8386 96.8235
-20.7608 15.0791 97.0355
-20.0421 4.62033 105.872
-19.9822 2.43603 106.849
-20.5768 -13.2706 108.381
-21.4521 -14.9989 108.369
-22.8475 -18.5705 108.487
-23.8166 -21.2711 109.349
-24.5061 -22.9938 109.738
-26.4303 -29.5131 104.664
-30.7832 -36.9683 99.4442
-30.9325 -38.663 98.7567
-31.2557 -40.7551 97.7117
-31.842 -45.1113 95.6176
-32.2466 -47.0291 94.522
-32.5461 -49.2026 93.3861
-26.5352 34.9199 103.362
-24.0757 30.3683 98.8968
-22.8771 29.0442 97.2251
-19.1826 11.5335 100.646
-19.1484 8.22496 104.49
-18.2405 -9.68871 109.247
-24.4446 -26.669 108.15
-32.1317 -53.7058 92.1345
-24.9306 33.9053 102.747
-19.5459 20.0579 96.151
-18.9353 15.1237 97.308
-18.2314 6.80107 106.268
-18.2157 2.26844 108.078
-18.587 -14.5477 109.698
-19.582 -16.4203 109.748
-21.718 -21.7351 111.125
-22.3213 -23.6376 111.774
-22.8217 -25.3844 110.852
-27.3983 -32.1341 101.938
-28.7413 -35.1977 100.126
-29.1075 -39.9615 99.5795
-29.6855 -43.6544 97.635
-30.4295 -48.0296 95.7763
-22.6664 31.7278 100.708
-21.8986 30.3539 99.2578
-20.9465 29.0347 97.1502
-20.4058 27.4082 96.1187
-18.3552 23.4503 95.5379
-17.4825 12.9673 100.086
-17.375 11.6898 102.292
-19.3865 -18.3995 110.542
-20.0759 -20.1523 111.013
-24.344 -30.2512 105.543
-30.0319 -53.0397 94.4241
-17.9426 18.0507 96.8168
-16.4907 9.75944 106.519
-16.4759 7.57449 108.163
-16.44 5.29056 109.142
-16.3799 2.08446 109.523
-16.1457 -0.335559 110.698
-15.5844 -2.68457 112.877
-16.5966 -15.0783 110.897
-17.669 -16.9354 110.988
-19.4076 -21.3906 112.251
-19.7619 -23.3492 113.475
-20.318 -25.0887 113.03
-26.6797 -33.8946 100.319
-27.3075 -35.1929 100.191
-27.3329 -36.8669 100.774
-28.0292 -45.4545 98.8004
-28.3725 -47.8367 97.7146
-19.5197 30.0576 99.5898
-19.1488 28.957 97.8579
-17.025 20.6589 95.0657
-16.1011 15.2187 98.7982
-17.4825 -18.8389 111.688
-23.6175 -32.2322 103.693
-28.0485 -53.4499 96.1387
-19.1689 32.5052 103.075
-14.9994 14.5871 100.814
-14.8347 10.7288 108.22
-14.7835 8.49292 110.376
-14.7661 6.10971 112.009
-14.723 2.88696 112.829
-15.4116 -16.5539 112.014
-17.1051 -20.8087 112.762
-17.4907 -22.8295 114.259
-17.8387 -24.7587 114.581
-25.9229 -35.3455 100.749
-25.6071 -42.7448 102.772
-25.8738 -45.3145 101.72
-26.158 -47.9986 100.221
-26.5824 -50.8947 98.568
-17.4671 31.555 102.479
-16.9563 27.7468 97.4332
-14.087 14.2076 103.154
-13.7558 0.334307 114.963
-15.9157 -11.6396 118.431
-15.3022 -18.4361 112.635
-20.5532 -32.0268 106.74
-23.5479 -33.7754 101.126
-26.0094 -54.1154 98.0094
-26.2584 -56.9894 96.2059
-16.3525 32.4833 104.783
-15.174 19.331 97.2833
-13.2775 13.1094 106.859
-13.2161 10.9569 110.305
-13.2613 8.75315 112.528
-13.2293 6.35654 114.604
-13.186 3.83834 115.766
-13.4299 -14.7199 114.233
-13.772 -17.0677 113.114
-14.9413 -20.2666 113.616
-15.2622 -22.0518 114.484
-15.5135 -23.9955 115.486
-15.9176 -26.468 115.89
-17.3078 -27.653 115.223
-23.3413 -40.5962 105.803
-23.4306 -42.6937 106.142
-23.4844 -45.2051 105.346
-23.7854 -48.1412 103.263
-24.1767 -49.8625 101.853
-24.7382 -53.0675 99.7976
-25.1054 -56.04 97.8392
-14.5851 31.5025 104.447
-14.6252 30.5593 102.69
-14.8629 29.5424 101.044
-15.0219 27.9392 99.2175
-12.374 2.15158 117.364
-13.5133 -18.9257 113.99
-23.3973 -51.9677 101.603
-23.7777 -55.0664 99.726
-24.0216 -57.9538 97.7833
-13.9878 32.9289 106.53
-14.253 25.8813 97.7383
-11.6456 13.3842 109.121
-11.6317 11.2572 112.082
-11.7068 8.99986 114.526
-11.7503 6.58989 116.496
-11.5262 0.34127 119.292
-12.1031 -16.7934 114.453
-13.0338 -20.5118 114.876
-13.356 -22.1093 115.331
-13.4762 -23.8963 116.217
-13.8574 -25.7502 116.972
-21.4662 -43.2863 108.516
-21.7598 -47.7452 106.293
-22.0769 -50.9176 103.397
-22.7365 -56.9644 99.5818
-22.948 -59.8888 97.7267
-12.3692 31.3458 105.81
-12.3528 30.1684 104.148
-12.6124 29.3091 102.499
-12.8284 28.154 101.027
-14.1102 22.3729 96.6397
-11.8729 18.5585 101.177
-11.0263 5.02599 118.487
-12.3359 -4.22835 124.07
-20.5632 -45.0252 109.411
-20.8184 -50.0816 105.395
-21.0851 -53.1818 103.226
-21.4207 -56.0984 101.272
-11.7223 32.4899 107.332
-12.8463 24.1922 98.2172
-12.8497 21.357 98.2549
-10.1844 11.6594 114.278
-10.3093 9.42675 116.498
-10.2832 3.35058 120.338
-13.0268 -6.305 126.197
-11.2909 -15.6202 116.378
-10.7146 -17.392 115.598
-11.0521 -20.1693 115.532
-11.7649 -23.7009 116.722
-12.9737 -26.9604 117.394
-16.0048 -31.3987 112.329
-19.8926 -36.8754 104.401
-19.0324 -39.0361 107.722
-19.7781 -47.7205 108.894
-19.7672 -49.3624 107.224
-19.768 -52.2628 104.81
-20.3783 -57.916 101.038
-20.5918 -60.6821 99.2752
-10.6154 31.1142 106.853
-10.5523 29.7581 105.531
-10.8629 27.4453 102.306
-11.747 22.8304 99.2374
-11.7167 20.8632 100.056
-9.6246 8.04568 118.639
-9.56037 5.38785 120.441
-9.64394 1.61817 122.42
-9.97839 -1.39129 124.449
-11.3406 -4.44733 126.65
-12.6338 -11.872 125.573
-11.18 -12.1147 121.056
-17.8694 -40.6715 110.006
-18.355 -43.7201 111.026
-19.0182 -57.0839 102.621
-19.2627 -59.7649 100.786
-9.96136 33.2118 108.734
-10.6309 24.0293 100.79
-8.8469 12.1986 116.424
-10.2817 -11.5066 121.189
-9.38274 -15.7009 117.547
-9.02276 -18.0581 116.787
-9.26056 -20.5204 116.059
-11.0938 -26.8594 118.046
-12.5316 -31.1629 116.846
-17.6598 -49.2825 109.879
-17.5747 -50.7728 108.11
-17.4355 -53.4816 105.576
-17.8109 -56.0871 103.764
-17.7939 -59.0338 102.295
-8.7561 31.8674 108.439
-8.69359 30.5496 107.605
-8.76691 28.9459 106.552
-8.87682 27.5219 105.044
-9.28876 25.6468 103.346
-9.5851 23.1398 102.319
-9.37415 21.1193 103.304
-8.2206 11.0668 118.828
-8.13704 6.819 121.794
-8.22337 3.99359 123.532
-8.40332 1.99067 124.754
-9.30306 -2.33007 127.591
-9.62497 -25.9263 118.381
-15.2724 -40.2222 111.353
-15.9977 -43.8621 112.669
-16.3298 -46.0381 112.605
-16.32 -58.035 103.534
-8.02585 33.7225 109.767
-8.5709 23.6438 104.237
-7.95664 20.1639 107.333
-7.46497 14.9615 116.368
-8.14099 0.0543304 127.029
-10.3821 -7.08214 130.86
-7.70811 -5.34423 117.203
-7.56609 -17.9527 118.045
-7.44107 -19.8513 117.234
-7.98502 -23.6064 118.229
-9.25581 -27.6997 118.377
-14.5691 -42.5278 112.421
-15.1218 -50.7725 109.9
-14.9154 -52.1383 108.087
-14.7103 -57.095 104.388
-14.9362 -59.8989 103.15
-15.299 -62.5496 101.711
-6.75683 32.3869 109.682
-6.86585 30.7765 108.999
-7.43755 25.4711 106.573
-6.82745 14.1095 118.872
-6.68119 9.41035 122.629
-6.70183 6.57478 124.227
-6.78366 4.59316 125.332
-7.02091 2.48859 126.605
-8.37714 -3.30687 130.53
-5.39121 -5.1223 117.193
-7.29872 -25.0103 119.292
-13.4794 -43.994 112.807
-13.773 -46.0892 113.408
-13.8844 -49.9173 111.696
-13.3714 -53.8978 106.51
-13.2544 -56.2709 104.76
-13.2558 -58.834 103.965
-13.5705 -61.5976 102.796
-5.77669 34.0496 110.978
-5.79611 28.6052 110.023
-6.81331 22.7887 108.85
-6.09241 17.0558 117.145
-7.02513 -0.652922 129.584
-6.0449 -16.8067 119.085
-6.03025 -18.6636 118.932
-5.97111 -23.7215 118.829
-8.71095 -31.5655 116.135
-11.8087 -41.5834 112.328
-12.4349 -47.87 113.694
-12.2553 -51.9008 109.5
-11.7717 -55.4682 105.185
-11.7316 -57.8859 104.292
-11.6841 -60.5707 103.644
-12.261 -63.2505 101.912
-4.94627 32.0681 110.621
-5.0042 30.3655 110.304
-5.15539 27.2283 111.188
-5.88127 22.3248 111.815
-5.24917 16.3594 119.604
-5.10617 6.38564 126.406
-5.59784 1.97703 128.7
-6.68808 -3.07661 132.124
-10.908 -47.0987 113.573
-10.3967 -53.5735 107.393
-10.1396 -56.9139 104.55
-10.0827 -59.4312 103.79
-10.4039 -62.235 102.775
-4.07217 34.1899 112.011
-4.0365 29.5135 111.494
-4.4715 26.0838 112.519
-5.22932 -0.115354 130.751
-6.0839 -4.45072 133.531
-6.42689 -10.3457 134.274
-4.23473 -14.8855 125.575
-4.53327 -17.478 120.226
-4.18329 -24.1324 119.536
-5.29426 -28.8751 119.373
-9.38 -45.2654 113.541
-9.33021 -47.534 113.33
-9.2142 -50.1143 112.155
-8.71893 -54.9213 106.067
-8.57774 -61.1032 103.231
-9.04342 -63.9524 102.249
-3.08485 28.1425 112.236
-3.62717 25.0265 113.898
-3.70917 23.4284 114.898
-3.68915 21.9786 115.997
-3.24738 13.722 123.096
-3.21342 12.0278 124.276
-3.17674 10.1812 125.507
-3.17885 8.19185 126.62
-3.25778 6.02818 127.702
-3.45597 3.74476 128.753
-3.80772 1.34843 130.214
-4.23764 -1.31899 131.972
-4.4635 -2.75139 132.953
-5.09003 -5.96156 134.698
-5.30911 -9.19302 135.212
-3.77773 -27.5137 119.907
-7.53572 -49.0732 112.927
-7.18665 -54.0584 107.385
-6.96234 -56.0738 104.898
-6.86843 -59.7436 103.357
-7.09914 -62.6213 102.946
-2.05751 34.4578 112.826
-1.9165 29.6948 112.302
-2.31881 26.7 113.008
-2.40966 20.9529 116.762
-2.24294 19.1243 118.213
-2.80241 0.364232 131.254
-3.46925 -4.26775 134.461
-3.8121 -7.64399 135.675
-3.13891 -13.8131 132.199
-2.20496 -18.1918 122.174
-1.56614 -21.4625 118.315
-1.88667 -23.2849 118.579
-3.79237 -31.5891 116.502
-6.00073 -43.1329 113.863
-5.83095 -48.0294 113.288
-5.39906 -55.1465 106.178
-5.25779 -57.153 104.252
-5.29775 -61.2605 103.116
-5.3749 -64.1495 102.725
-0.94145 33.2541 112.64
-0.959737 31.3708 112.388
-0.955747 28.4727 112.526
-1.08422 25.6627 113.259
-1.13998 24.0964 114.111
-0.98618 19.7576 116.844
-0.901586 15.6448 120.493
-0.887261 14.1538 121.744
-0.862056 12.4469 122.97
-0.834363 10.5792 124.365
-1.13071 1.69566 130.117
-1.30191 -1.07264 132.098
-1.41277 -2.56169 133.277
-1.55183 -4.24811 134.413
-1.01585 -24.3697 119.566
-4.42583 -45.1481 114.583
-4.29758 -46.9352 113.906
-4.02909 -49.4358 112.874
-3.64645 -54.207 107.44
-3.5845 -56.1109 105.131
-3.51068 -58.408 103.578
-3.49847 -64.1591 102.398
-0.0215798 34.8783 112.959
0.205405 27.2589 112.613
0.236582 21.5732 114.832
0.35653 16.4275 119.186
0.364849 3.04255 128.874
0.427173 0.437087 130.748
0.364964 -2.59493 133.213
0.227554 -22.7726 117.989
-2.69752 -46.1552 114.562
-1.96015 -52.0825 110.484
-1.85316 -55.1514 106.16
-1.83219 -57.0511 104.068
-1.60982 -62.6888 102.435
1.04949 33.6038 112.633
1.07261 31.6918 112.465
1.4987 26.5548 112.259
1.59661 23.9864 112.9
1.52959 20.302 115.054
1.57768 17.0007 117.837
1.61411 14.9188 119.829
1.63457 13.3186 121.143
1.65641 11.4951 122.456
1.68706 5.30057 126.72
1.90274 1.65928 129.429
2.06428 -1.1276 131.541
2.32327 -4.31542 133.956
2.59582 -7.69315 135.65
2.4953 -11.2044 134.804
1.08283 -24.2707 119.443
-1.08759 -45.1563 114.703
-0.718869 -46.9666 114.092
-0.392924 -49.3643 112.607
0.117591 -61.1629 102.806
0.27519 -64.0172 102.492
2.79764 21.0922 113.649
3.54979 0.312423 129.932
4.23449 -4.37631 133.289
4.56142 -6.0305 134.252
4.20539 -12.7402 132.469
2.41037 -18.4913 121.17
1.98796 -21.423 117.857
0.449738 -43.3302 114.13
1.43294 -47.9516 113.173
1.8519 -54.0294 106.927
1.82377 -56.9429 103.426
3.10685 31.9677 111.722
3.31426 29.8423 111.359
3.63618 27.4767 110.913
3.9304 13.6784 118.97
3.94728 8.15535 123.019
4.0987 4.91933 125.091
5.00776 -1.3626 130.016
3.16972 -24.7169 119.41
3.26431 -26.6052 119.73
3.25125 -28.3396 119.145
2.58041 -44.6774 114.012
3.14806 -46.4659 113.447
3.4593 -48.7818 112.074
3.71356 -52.7421 107.919
3.61287 -54.7935 105.375
3.55424 -58.1193 102.467
3.50034 -60.9117 101.67
3.8138 -63.8344 101.378
4.26344 35.391 111.956
4.41877 28.992 110.316
4.99332 15.6091 116.263
5.78689 1.11511 126.943
6.55016 -2.9531 129.82
7.4804 -9.0837 131.776
4.17304 -23.7244 118.427
4.57732 -27.3904 119.039
4.80533 -45.1987 113.382
5.19563 -47.192 112.27
5.58615 -51.1693 109.19
5.4704 -53.5083 106.136
5.32169 -62.2474 101.087
5.16578 34.0111 110.853
5.03743 32.1023 110.425
5.25294 30.475 109.824
5.76186 18.2035 112.488
5.81287 16.4625 114.142
5.84823 13.6709 116.562
5.79586 7.4164 120.837
6.2218 3.16375 123.786
7.19713 -1.74008 127.574
7.81754 -4.58213 129.284
8.35193 -7.53432 130.358
4.7302 -12.2486 123.429
5.49319 -25.1135 119.242
6.77891 -45.6635 112.125
7.38277 -52.0206 107.031
7.09881 -54.2907 104.422
6.94045 -56.5794 102.544
6.92102 -59.2059 101.648
7.05079 -62.0048 100.872
6.64845 27.1291 107.64
6.77971 21.3443 107.488
6.58186 19.3225 109.689
6.75067 4.97328 121.001
7.56232 0.585762 124.402
4.26001 -10.2691 116.829
6.07459 -18.7556 117.933
5.94354 -22.1073 117.078
6.17108 -23.3948 118.065
6.74517 -25.9697 118.586
7.30863 -41.612 111.309
8.3905 -45.2133 111.136
8.8942 -47.3927 110.306
9.24862 -50.1208 108.292
8.88702 -52.788 105.138
8.65001 -55.1105 102.916
8.55037 -57.618 101.646
8.76731 -60.2905 101.006
8.91102 -63.2242 99.9951
7.17492 34.5922 110.186
7.00687 32.6444 109.269
7.07236 30.9838 108.568
7.65677 26.1423 105.721
7.87307 23.8825 104.815
7.22543 16.7572 110.741
7.3538 14.866 112.688
7.31124 10.3091 116.319
7.25757 7.60619 118.083
7.76259 2.5783 121.403
8.77598 -2.05308 124.898
10.1822 -7.25882 127.471
10.1339 -9.82671 126.827
5.92988 -10.2206 116.353
6.97965 -16.6552 117.542
9.6826 -43.713 110.255
10.2611 -45.6925 109.716
10.6701 -48.1202 108.978
10.6886 -50.9929 105.916
10.3703 -53.5131 103.48
10.2166 -55.9631 101.809
10.2699 -58.5376 100.936
10.4967 -61.2784 99.8583
8.53125 22.0107 103.732
8.03095 5.3255 118.17
8.86483 0.154618 121.709
7.72815 -18.1481 116.795
7.65893 -19.9392 116.166
7.75866 -21.7911 116.186
8.14352 -23.218 117.101
8.35083 -24.6996 117.758
10.2014 -40.4772 109.133
11.5374 -44.0631 108.924
11.9777 -46.2493 108.388
12.0581 -51.7505 103.892
11.7782 -56.7991 100.879
12.0697 -59.4285 99.852
9.31833 35.145 109.637
9.10201 33.6662 108.573
9.03279 31.9819 107.528
9.1683 27.7927 104.599
9.64212 24.5732 101.87
8.66869 12.6536 111.961
8.70256 10.3464 113.884
8.62514 7.77576 115.476
9.99464 -2.20285 122.068
10.858 -4.48237 123.55
9.64312 -25.8023 117.003
12.6366 -42.6231 107.894
13.2166 -44.5288 107.333
13.5662 -46.7489 106.949
13.6487 -49.5877 104.743
13.2995 -54.8764 100.922
13.3618 -57.5624 99.9636
10.7184 23.9442 100.297
10.5625 21.6762 100.913
9.87687 20.0515 102.607
9.28476 18.527 104.635
9.05139 16.2405 107.264
9.34319 5.66437 115.565
9.72615 0.87049 118.334
9.35849 -17.4416 115.395
9.2818 -19.3717 115.058
9.81929 -22.6528 115.743
11.3928 -28.5862 115.47
13.3414 -39.4297 106.786
14.4019 -42.9352 106.448
14.7752 -44.8891 105.87
15.0279 -47.1965 105.379
14.875 -50.3002 102.615
14.7346 -52.9835 101.02
14.8105 -55.6128 99.7009
14.7236 -58.4202 98.7267
10.9514 32.7842 106.855
10.9295 30.2993 104.58
10.9771 28.5933 102.845
11.1921 27.05 101.262
11.8197 23.2033 98.8107
9.97823 10.5228 111.266
10.0025 8.1074 112.937
10.067 3.6092 115.457
11.035 -2.21235 119.372
12.5571 -5.22725 121.292
13.4238 -7.48142 122.277
12.002 -12.2184 118.591
11.6969 -25.9083 115.751
15.6372 -41.4419 105.213
16.2021 -45.3046 104.543
16.2696 -48.0483 103.291
16.169 -56.4766 98.3778
16.267 -59.307 97.1983
12.7788 24.8275 98.2085
10.849 18.2515 102.468
10.5246 11.7484 109.177
10.7029 6.15194 113.038
10.8455 0.634679 115.837
10.9429 -17.4322 113.667
11.1402 -19.5346 113.763
13.6435 -28.5097 113.971
14.9485 -31.6222 108.366
16.7618 -38.1445 102.989
17.2272 -41.7532 103.713
17.4705 -48.9254 101.13
17.6139 -60.2206 95.6683
13.4806 34.4978 106.913
12.7988 32.8028 105.578
12.8222 31.5308 104.09
12.9246 30.3499 102.452
11.1434 14.3491 105.554
11.3318 8.49449 110.557
11.3422 3.32348 113.483
11.996 -2.16753 116.582
13.55 -4.78439 118.437
12.7773 -22.9045 114.143
15.6632 -31.6553 108.103
18.6338 -52.5426 98.3264
18.8119 -55.4133 96.9402
13.9293 28.0173 99.1158
14.7618 21.5723 95.9855
13.2009 19.0472 99.0729
12.0733 15.4845 103.219
11.8551 12.0418 106.82
11.9594 9.87822 108.612
12.0811 5.82834 111.161
12.0052 0.530331 113.565
16.033 -9.67409 117.598
12.4015 -16.6925 112.307
14.6813 -26.3404 114.086
15.5277 -27.7547 112.95
21.2538 -35.4737 98.8735
19.9552 -37.7467 100.314
19.6945 -47.2864 99.9716
19.7485 -50.3822 98.2772
20.1474 -56.2888 95.4239
16.1024 34.9634 105.65
15.1847 33.0995 104.018
14.9763 30.2245 100.406
14.8414 21.5298 95.6285
12.9604 -2.10001 113.903
14.6526 -21.9979 112.807
15.0347 -23.8941 113.339
16.9261 -28.3549 111.421
20.7605 -42.9031 100.477
20.7176 -45.2692 99.9434
20.8226 -48.0377 98.3944
21.0871 -51.2306 96.6917
21.3105 -54.3292 95.2521
16.6087 32.851 102.616
15.8962 29.5459 98.7858
13.508 15.1439 101.372
13.3872 13.1596 103.685
13.3673 10.3154 106.404
13.532 4.83343 109.976
15.4783 -12.4604 113.155
14.3879 -17.8279 111.254
14.9419 -19.4364 111.559
16.1777 -25.125 112.974
18.7502 -31.8796 104.649
24.2409 -32.2358 97.1791
22.1473 -38.2804 98.9561
21.9116 -40.655 99.3805
22.1952 -49.0648 96.6362
22.3888 -52.2331 95.1655
22.6253 -55.2044 93.6835
22.6546 -58.021 92.1965
18.3181 34.0502 102.978
17.7753 32.1397 100.904
16.3563 28.0692 97.0129
14.1984 7.92689 107.219
14.1526 2.26185 110.067
14.0367 -1.97079 111.535
16.4188 -20.9937 111.211
16.8542 -22.8433 111.725
17.6803 -26.6203 111.849
18.911 -28.2666 109.575
24.2106 -34.9356 97.1185
22.9486 -44.6698 97.8829
23.1172 -47.2279 96.6752
23.4723 -50.2698 95.0888
18.2752 31.1215 99.27
17.7645 29.5805 97.497
14.9287 13.3878 101.245
14.8945 11.4484 103.63
14.9265 9.33235 105.49
15.0231 5.49122 107.944
14.7252 -0.255124 109.921
17.0615 -8.85565 112.187
15.2266 -15.5182 109.975
16.0497 -17.2154 110.031
16.7842 -18.9975 110.261
18.2295 -24.7609 111.261
20.3362 -28.6284 107.876
22.7815 -31.997 99.9988
24.3748 -37.0256 97.4494
23.9513 -39.1241 97.9381
24.2327 -43.4749 97.1804
24.4593 -48.5041 95.0372
24.7804 -51.3739 93.591
15.7821 6.96381 106.376
15.7941 3.12339 108.483
18.9256 -22.6089 110.047
19.5803 -25.4672 110.209
26.2258 -33.6213 96.5619
25.8268 -35.8816 96.7414
25.4146 -40.1033 97.1107
25.4466 -44.5432 95.7977
25.9223 -52.4623 92.1345
21.943 33.5582 100.351
17.207 23.1517 95.709
17.3684 17.3119 97.3441
16.9494 15.3972 97.9793
16.6108 13.7236 99.0934
16.5268 9.84575 103.586
16.4696 0.758356 108.463
15.8005 -2.3883 109.355
16.264 -4.821 109.557
17.8795 -16.6815 108.788
18.7006 -18.5026 108.862
19.7343 -21.3572 109.11
21.0054 -25.963 108.869
25.6786 -31.2779 98.9781
26.5567 -41.3418 95.8835
26.5855 -45.7815 94.553
21.9257 31.9426 98.5015
17.4478 7.60152 104.693
17.4928 5.45964 106.166
22.3835 -26.3459 107.425
25.4052 -29.7638 101.165
27.3176 -32.305 97.5625
27.954 -34.1102 96.4893
27.8169 -36.0444 96.3938
27.4999 -39.4905 95.7426
27.541 -42.7174 94.8554
27.8389 -49.5494 91.8676
27.9221 -52.2282 90.4571
24.4486 33.9025 99.8421
19.1083 18.5101 96.8343
18.8857 16.4154 97.1965
18.6221 14.5755 97.6163
18.4027 12.9031 98.6678
18.2929 11.4751 100.26
18.2595 9.64908 102.469
19.4208 -14.9967 107.658
20.2236 -16.9118 107.659
21.0187 -18.8018 107.514
23.0224 -24.4784 107.144
24.3243 -27.9806 104.277
27.7105 -31.1014 98.9645
28.5658 -40.8674 94.6461
28.5762 -43.7924 93.783
28.6571 -45.9175 92.8172
27.4261 37.8334 102.239
27.0103 35.859 100.629
24.1027 32.2 98.0806
20.0504 25.9175 96.7745
20.0167 22.2974 96.7579
19.2048 7.5679 103.714
19.2374 5.52756 105.15
18.6242 -3.35248 107.872
18.1073 -5.50623 108.039
18.389 -7.88398 107.594
18.6552 -10.6415 107.632
22.4757 -19.5031 106.77
23.1565 -21.3432 106.69
25.7314 -28.2035 102.66
29.7749 -33.8825 96.8952
29.629 -42.0518 93.7212
29.6636 -47.3507 91.4197
22.1693 28.1961 96.1267
20.7978 19.418 96.6483
20.6984 17.3241 96.7699
20.2389 12.1945 98.427
20.0535 10.2061 100.624
20.1618 3.48827 105.828
20.0869 1.30218 106.823
20.4288 -11.9792 106.906
21.167 -13.6002 106.748
21.964 -15.367 106.465
22.8071 -17.2712 106.296
25.7713 -25.0559 104.704
26.3555 -26.5019 103.446
27.196 -28.4667 101.357
30.6186 -39.0071 94.6237
30.6376 -43.4335 92.6069
30.903 -50.895 88.6168
30.1496 38.2724 101.38
20.9847 8.31806 101.99
21.0094 6.36136 103.486
20.4617 -5.06494 107.003
20.4663 -7.13783 106.911
24.6161 -18.7116 105.553
26.3187 -23.0245 104.708
27.7541 -26.794 102.284
28.8303 -29.5234 99.9684
31.7584 -34.259 96.8667
31.6847 -46.5884 90.3428
27.476 32.7621 98.0661
25.9899 31.5295 97.5148
23.7029 28.2593 96.4796
23.0886 24.7938 98.1734
22.6339 20.9553 96.6278
22.6047 19.0427 96.596
22.5666 17.1941 96.8277
22.496 15.5037 96.7632
22.1579 12.2689 97.7119
21.981 4.41551 104.137
22.0037 2.29984 105.189
21.9613 0.175124 105.989
22.3201 -10.2932 106.057
23.2199 -12.4431 105.847
23.9956 -14.0508 105.598
24.6083 -15.6187 105.375
26.1272 -19.1894 104.82
26.8838 -20.7872 104.36
27.793 -23.3195 103.663
28.3997 -24.8868 102.799
29.3525 -27.945 100.691
32.5784 -37.8076 94.7092
32.513 -41.3672 92.6939
32.6711 -44.8199 90.6083
32.7632 -47.7281 88.7725
31.8023 36.6558 99.523
30.5497 34.9476 98.9719
23.8687 22.3471 97.4524
22.8249 8.47734 100.699
22.8481 6.54874 102.284
22.872 -1.83263 106.075
22.7404 -4.00366 106.339
22.7389 -6.16995 106.321
26.0362 -16.3161 104.749
29.8594 -25.2641 101.678
30.7015 -28.5463 99.703
29.4402 32.7696 97.8632
26.0618 29.6225 96.7653
25.25 25.5686 96.6958
25.0598 23.9258 97.4527
24.6998 20.5662 96.6081
24.724 18.7193 96.6003
24.61 17.0523 96.8396
24.4873 15.4214 96.6169
24.0505 11.7223 97.5079
23.8262 9.81848 98.9636
23.8841 4.65049 102.96
23.9483 2.59668 103.993
23.9704 0.528407 104.978
24.3432 -8.99947 105.803
25.5845 -12.4416 105.133
27.6163 -16.8761 104.196
28.5146 -18.5458 103.83
29.0458 -20.1662 103.472
29.8104 -21.7107 102.782
30.5376 -23.2922 102.037
31.271 -25.7591 100.566
33.0175 -31.5024 97.7615
33.8649 -33.05 96.5772
34.3832 -36.1179 94.7411
34.5185 -41.6938 91.3302
33.8287 36.8184 98.7806
32.6125 34.9441 98.4483
31.4927 33.6052 98.0331
28.8394 31.1172 97.4791
24.7121 8.09121 99.973
24.7462 6.14423 101.548
25.0174 -0.677222 105.024
25.0049 -2.91584 105.488
25.0229 -5.15419 105.602
25.2776 -7.4258 105.638
25.7781 -9.65656 105.379
27.1017 -13.1454 104.788
31.8451 -23.8416 101.006
32.7539 -27.161 99.2839
35.2626 -37.4457 93.6812
30.5999 31.7321 97.3159
27.7046 29.3049 95.6655
27.3147 25.3762 96.0556
27.1463 23.6888 96.2653
26.8842 20.3081 96.2197
26.8704 18.6071 96.4115
26.7079 16.9398 96.711
26.5952 15.3755 96.4292
26.3669 13.1216 96.1821
26.0686 11.3146 97.1202
25.7263 9.49837 98.3185
25.7505 4.31686 102.109
25.9355 0.91658 103.974
26.1188 -1.95689 104.924
26.6984 -8.04965 105.287
27.2938 -10.3455 105.089
29.0853 -15.3741 104.127
29.7247 -16.8399 103.646
31.2253 -19.8393 102.403
31.9739 -21.308 101.798
33.1776 -24.4215 99.9563
35.8462 -35.3553 94.2332
36.3023 -44.2492 88.4348
36.5944 38.8983 98.4449
34.5369 34.8475 97.686
33.3945 33.4628 97.3997
29.9635 30.0138 96.6852
28.0494 21.8594 96.0985
26.6453 7.76631 99.3574
26.6498 5.8164 100.764
27.2652 -3.28013 104.773
27.4846 -5.59201 104.894
34.5222 -25.8871 98.6639
36.027 -32.1286 95.5003
32.8476 31.9487 96.6314
29.8113 28.9017 95.3206
29.5465 26.713 95.8486
29.2701 24.2753 95.6151
28.9755 20.221 95.6581
29.024 18.4691 96.1882
28.5851 15.3192 96.104
28.3265 13.1596 95.6053
27.9892 11.5409 96.5095
27.6925 4.04676 101.523
28.0978 -0.0260171 103.686
28.833 -6.98897 104.486
29.1955 -8.57731 104.438
31.494 -16.1904 103.257
32.1027 -17.5959 102.607
32.7711 -18.9841 101.846
34.64 -23.4564 99.4885
36.3663 -29.3348 96.3722
37.0961 -33.7726 94.4922
37.8075 -38.9817 91.1514
37.8936 -42.6408 88.4667
37.4071 36.5666 96.9694
36.2067 34.6644 96.8871
30.1509 22.5137 95.3027
28.5906 6.20046 99.9212
29.5257 -2.89823 104.055
29.7257 -4.47147 104.205
30.6154 -9.25453 103.874
31.0594 -10.8651 103.835
31.6788 -13.1438 103.456
34.6322 -21.4122 100.498
35.5749 32.7589 95.99
34.3508 31.3852 95.7514
33.3402 29.8437 95.4613
31.8929 28.3882 94.3016
31.2301 24.0305 94.8083
31.0243 21.0476 95.0124
31.013 19.0429 95.1698
30.8974 16.9382 96.039
30.1675 12.8194 95.042
29.7139 11.1842 96.063
29.5377 9.43524 97.2996
30.198 0.483214 102.8
30.4454 -1.0756 103.357
31.1831 -5.94121 103.855
31.4357 -7.59692 103.602
32.4982 -11.5053 103.183
33.0659 -13.8397 102.75
33.6902 -16.1286 102.134
34.4829 -18.1897 101.178
35.9405 -22.1532 99.5125
36.4991 -23.6728 98.7797
37.5115 -27.7856 96.691
37.9769 -30.4346 95.5611
38.3089 -32.1166 94.571
37.8665 34.4581 95.9389
32.0381 22.4437 94.3655
30.5141 7.85853 98.1491
30.593 5.8879 99.501
32.1122 -4.08206 103.525
32.8756 -8.19827 103.183
34.3945 -14.5377 101.929
35.7941 -19.0165 100.245
40.275 -39.5851 88.281
34.1545 27.9555 93.6115
33.2703 25.9051 93.546
33.0181 23.8212 93.7299
32.8756 20.4777 93.8042
33.0077 18.6783 94.5456
32.24 14.081 94.3016
31.8134 12.4503 94.4961
31.5912 10.8187 95.6264
31.4538 9.16867 96.9127
31.6829 4.24686 100.213
32.5066 0.0875512 102.211
35.738 -15.1587 101.081
37.0709 -19.7366 99.1583
38.3901 -23.6199 97.2918
38.7575 -25.3061 96.5806
39.331 -27.7112 95.4961
32.5929 5.62227 98.9977
33.8812 -1.27411 102.229
34.4022 -3.68179 102.625
35.0728 -6.99395 102.767
35.3682 -8.6457 102.457
36.0464 -11.8843 101.429
37.2205 -16.5193 99.856
39.1961 32.9219 94.2299
37.7159 30.7941 93.6278
37.156 28.9273 93.4179
36.1693 27.3059 92.9067
34.6169 23.5598 92.8939
34.4664 21.7341 92.9424
34.4599 19.6299 93.3965
34.6896 17.3629 94.1677
33.6352 13.1699 93.4772
33.2246 9.91008 95.6713
33.8337 3.8644 99.6413
35.8111 -5.14415 102.247
37.875 -14.9223 99.9644
38.6698 -17.9349 98.5048
39.0337 -19.541 97.8363
39.7517 -21.7801 96.7784
41.0528 -28.2898 93.6237
35.686 0.564006 100.767
36.5524 -3.30441 101.536
38.1678 -11.5302 100.483
42.2913 -32.2046 89.9879
42.5693 -34.4875 88.1793
37.3632 26.4161 91.7477
35.9605 22.6069 91.7393
35.8178 20.6282 91.8408
35.7023 14.4338 92.4441
34.9742 11.1205 94.0082
35.787 4.86087 98.3213
37.9998 -4.75998 100.86
39.4976 -12.9724 99.2211
39.8293 -14.6107 98.6195
40.3471 -16.9255 97.6639
40.8797 -19.1843 96.5007
41.4105 -21.5347 95.3303
41.896 -24.0034 94.1852
42.3258 -26.3486 92.7361
36.5378 6.3391 97.1084
37.5377 1.71827 99.424
38.106 -0.515228 100.106
38.6569 -2.90961 100.175
40.1983 -11.1957 98.9717
40.1295 29.0529 90.9427
39.2406 26.4553 90.6295
37.4841 25.2516 90.16
37.1284 22.2858 90.2888
37.3148 15.1781 91.4297
36.7852 10.1573 93.9581
37.9537 4.51186 97.6102
40.0666 -4.39487 99.2951
41.8137 -15.0487 96.7703
42.2582 -17.3713 95.6653
42.7029 -19.6661 94.4732
43.057 -22.0808 93.1419
43.4361 -24.3938 91.6614
44.07 -31.4042 87.2197
38.3186 7.24126 95.7153
39.3724 2.74121 97.9556
39.9915 0.555789 98.4966
40.5368 -1.77273 98.6553
41.349 -5.78583 98.5025
41.6627 -7.56499 98.0914
44.3501 -25.7093 89.5394
37.9968 23.4706 89.2137
38.8156 19.6144 90.5603
38.7551 16.6678 90.3658
38.1633 11.7322 91.6796
39.8108 5.46985 96.0515
41.8904 -3.19931 97.7473
43.1912 -11.5462 96.2931
43.8497 -16.2156 94.2076
44.1509 -18.5982 93.0133
44.4069 -20.9345 91.6791
38.9826 14.6429 89.7924
40.3485 6.89829 94.8014
41.183 3.58604 96.142
42.2972 -0.685489 97.1902
43.0975 -4.47799 97.1951
45.6087 -27.6503 86.0905
39.879 18.0826 89.2885
39.6066 12.334 90.2152
39.9441 10.7555 91.5277
41.7951 5.00959 94.9353
43.5625 -1.9751 96.5558
44.8757 -10.3859 94.8196
45.1688 -12.7864 93.8398
45.4364 -15.0843 92.7316
45.8098 -19.7418 89.9997
41.9429 7.49992 93.2973
43.9035 1.04383 95.4115
44.7825 -3.28621 95.8432
45.3909 -7.43777 95.0039
40.7803 24.4545 88.0528
40.8615 14.0173 88.4277
41.3839 11.3379 90.0495
46.4572 -9.07528 93.4501
46.7405 -11.7984 92.2879
47.0406 -14.1047 91.1118
47.1864 -16.4036 89.9129
47.3149 -21.7829 86.4959
42.6512 9.92321 90.327
43.4703 8.04556 91.6443
45.3759 2.53139 93.4499
46.5066 -2.35987 94.0598
46.9086 -4.7522 93.8032
47.1577 -7.15205 93.1434
44.8971 6.48125 91.7219
46.8219 0.508868 92.9938
48.1133 -8.79861 91.5965
48.3746 -11.5645 90.4044
48.7071 -18.6685 86.4362
41.5111 21.1028 86.6289
44.2549 9.97785 89.0295
45.1505 8.10326 90.1915
46.6074 6.48783 90.0089
48.3918 1.20816 91.0396
50.0246 -14.5904 86.6443
45.5003 10.9666 87.2237
45.3864 13.1007 85.8828
49.4042 3.36081 88.7516
51.0965 -4.67014 88.5599
49.1888 6.01412 87.4869
51.364 -0.776091 88.1176
-44.2878 35.5632 98.2214
-42.2047 37.5633 100.344
-40.6115 39.5652 101.454
-40.266 36.58 100.663
-38.0569 35.6636 100.756
-37.1125 43.9999 101.999
-36.8109 40.1596 103.659
-36.4961 37.0585 102.595
-35.6333 38.526 103.613
-35.1522 42.8754 103.805
-34.7474 40.0623 104.627
-34.2502 45.5562 103.379
-33.0556 42.8198 105.171
-32.6393 40.0799 105.482
-31.774 41.4128 106.185
-31.3894 38.8892 105.099
-30.8389 45.5837 105.724
-30.3052 40.0383 106.299
-29.7773 37.5159 104.303
-29.6236 44.0597 106.964
-29.371 41.2887 107.374
-28.6901 38.6324 105.464
-28.15 36.1449 103.829
-28.5008 46.9938 106.476
-27.6982 39.7204 106.955
-27.0062 37.0293 104.844
-26.9594 45.3985 107.765
-26.0694 38.0426 105.929
-26.1365 48.4268 107.076
-25.3009 43.7179 108.798
-24.9365 39.1883 107.291
-23.4778 40.2906 108.897
-23.5119 48.211 108.223
-22.7976 44.9711 109.141
-21.3136 36.2476 106.253
-20.3453 39.7906 109.468
-20.0637 37.1864 107.303
-19.6948 34.9555 105.614
-22.1533 53.3331 106.795
-20.0606 44.394 110.111
-18.8042 38.0277 108.561
-18.4118 35.6778 106.839
-19.6685 47.6006 109.617
-19.1907 45.8414 110.1
-18.1174 42.2839 110.732
-17.5279 40.4722 110.745
-17.1541 36.5507 108.012
-19.6053 53.234 107.676
-16.1815 38.8592 110.326
-15.6854 35.2002 107.561
-17.9826 51.2085 108.905
-17.1745 47.1563 110.435
-16.6937 45.2506 110.943
-16.1801 43.3956 111.28
-15.6002 41.4934 111.375
-14.8841 37.5147 109.801
-17.3889 55.2808 107.481
-16.2858 49.1108 110.12
-14.0134 39.7826 111.513
-13.3466 36.1834 109.308
-12.9158 33.7805 107.632
-15.6825 53.291 108.882
-14.6711 46.831 111.166
-12.3857 37.8537 110.963
-11.6434 34.8092 108.992
-14.7488 55.4234 108.206
-13.7491 48.9068 110.851
-13.1466 53.2419 109.552
-12.8692 50.9886 110.457
-12.1321 46.5501 111.623
-11.87 44.3464 112.098
-10.9357 39.5575 112.192
-11.196 48.713 111.369
-10.3967 42.1028 112.479
-9.67913 38.2929 112.11
-9.40274 36.1904 110.98
-10.4506 53.1725 110.134
-10.1293 50.9649 111.041
-9.64573 46.3331 112.07
-9.45561 44.0798 112.504
-8.9497 40.6084 112.721
-8.66303 48.5632 111.809
-7.65557 39.3181 112.951
-7.56997 37.351 112.378
-7.25917 35.6169 111.457
-7.6846 50.7828 111.325
-7.23911 46.2716 112.369
-6.88272 41.7418 113.285
-6.83411 55.5715 109.862
-6.28219 48.4875 112.144
-5.53789 38.4312 113.252
-5.29424 36.5271 112.627
-5.35203 53.2707 110.774
-5.22355 50.9339 111.636
-4.9551 46.006 112.751
-4.85328 43.7353 113.23
-4.70163 41.7405 113.434
-3.84706 48.4976 112.31
-3.47475 40.7151 113.625
-3.34235 38.629 113.511
-3.2316 36.7394 113.176
-2.78449 53.2578 111.153
-2.61694 50.873 111.832
-2.54457 43.9775 113.337
-1.61331 58.1439 109.846
-1.56239 55.7797 110.467
-1.34591 48.6739 112.417
-1.30884 41.9368 113.571
-1.17121 37.9408 113.459
-1.13012 36.0575 113.175
-0.128508 46.5156 112.833
-0.149921 44.1472 113.283
1.02021 48.9275 112.291
0.904151 42.2609 113.415
0.953003 38.1867 113.357
0.928202 36.4186 113.065
2.36301 53.5739 110.891
2.33462 51.3401 111.562
2.06828 44.3878 113.243
3.52694 49.0376 112.111
3.19975 42.5026 113.429
3.07961 38.4798 113.113
5.06606 53.6229 110.493
4.98247 51.2947 111.289
4.75497 46.7727 112.618
4.53682 44.5759 113.055
6.47833 56.0245 109.451
6.13124 49.155 111.876
5.58376 42.7762 113.346
5.31642 38.7087 112.98
5.22269 36.964 112.35
7.61027 51.5429 110.856
7.18627 47.042 112.344
6.65438 40.6058 113.221
8.68523 49.4063 111.456
8.07741 43.1223 112.995
7.66876 38.8339 112.718
7.36423 36.9748 111.908
10.3998 53.8359 109.353
10.2057 51.6454 110.36
9.72114 47.3872 111.998
9.52702 45.2721 112.581
9.0138 40.9909 112.899
11.2435 49.7355 110.938
10.6182 43.5945 112.595
9.8767 38.9387 112.12
9.47389 36.9139 111.015
13.0347 54.0644 108.639
12.7893 52.0547 109.629
12.2345 47.799 111.406
12.1051 45.7724 112.023
11.2935 41.3988 112.365
13.8191 50.1556 110.29
11.6895 38.0701 110.64
15.6593 54.2806 107.695
14.4976 46.427 111.243
16.4134 50.5736 109.339
15.0152 43.2903 111.668
14.4036 39.7867 110.991
14.0738 38.2167 109.781
17.3599 49.0391 109.72
17.0371 47.2058 110.262
15.2547 37.0117 108.07
19.0525 51.2251 108.18
17.984 45.8421 110.374
17.4828 44.0389 110.804
20.0177 49.8469 108.443
19.6516 48.0967 109.154
18.2401 40.1951 109.431
20.1255 44.9889 109.709
19.5847 39.2274 107.381
22.4101 48.9455 107.679
21.9997 47.2487 108.384
21.1638 40.813 107.884
20.9519 38.3286 105.898
24.1698 50.9303 106.034
22.435 39.9713 106.395
24.08 41.7165 106.746
26.3043 48.3585 105.734
25.7965 45.313 106.739
27.4122 45.77 105.667
27.0519 42.8502 105.231
28.6835 44.7339 104.783
29.9623 43.7534 103.874
29.4986 40.4615 102.824
31.0396 42.4537 102.664
33.4439 42.935 101.42
-16.9307 -63.6194 100.193
-14.0401 -64.5043 101.101
-12.8442 -68.4488 100.213
-11.0162 -66.9242 101.418
-9.3824 -69.1925 101.063
-5.37842 -65.8951 102.321
-3.51519 -65.9198 102.319
0.215703 -67.7177 101.552
3.86707 -65.5455 101.198
5.97161 -68.8335 99.884
7.3433 -65.0974 100.293
19.0634 -61.2521 93.9638
-54.0794 -1.23031 87.5024
-53.9809 -4.73017 87.6944
-53.6215 1.777 87.6611
-52.9759 -15.2347 86.4855
-52.1662 -7.20294 90.3823
-51.7508 0.757027 91.0019
-51.599 -12.1693 90.5094
-51.7582 7.32051 86.911
-50.99 -2.72281 92.5522
-51.2116 -17.1701 88.8219
-50.8849 -22.2186 86.7183
-49.2943 -2.22908 95.2669
-49.1987 -7.1606 95.3752
-48.7858 -16.5561 92.9943
-49.3544 -27.7127 86.1252
-48.0351 -9.60197 96.7419
-48.5702 -24.5932 89.3954
-47.5906 -2.22699 97.6714
-47.798 -21.0113 92.5091
-45.9381 -2.22227 99.5312
-45.835 -6.13872 100.007
-45.8936 -15.946 97.3232
-46.8174 16.4036 85.607
-46.0078 6.21515 94.2435
-46.0463 -36.0438 87.8352
-45.0726 -28.3166 93.68
-44.7437 4.20225 96.8594
-44.5979 2.21638 98.2299
-44.5751 -30.7844 93.3618
-44.1879 35.485 98.2213
-44.2451 33.1035 95.8796
-44.9231 11.785 90.0204
-43.8645 -0.741121 100.536
-43.6448 -11.4663 100.751
-44.1961 -35.8062 91.4362
-44.7066 18.8813 85.7633
-44.4833 13.3057 88.8228
-43.2281 -21.751 98.6035
-43.733 27.5594 90.007
-44.1572 21.3592 85.59
-42.587 -9.98011 101.4
-43.0029 -35.1713 93.5866
-43.4111 25.694 88.3262
-43.5267 16.3149 88.4012
-43.0708 18.828 87.684
-42.324 7.18274 96.4068
-41.7574 -0.727213 101.308
-41.644 -4.13677 102.023
-41.5486 -17.2531 100.029
-41.591 -21.1731 99.3504
-41.6386 -26.0894 98.6814
-41.98 -37.604 93.0674
-41.0288 -19.1862 99.9597
-41.1524 -30.0065 98.1471
-41.7989 -43.3058 89.0491
-40.498 -8.48208 102.408
-40.534 -24.5433 99.3158
-40.6233 31.5312 96.5861
-40.8128 29.7257 94.4086
-41.3179 15.7473 90.4455
-40.692 6.67074 97.7466
-39.96 -11.8607 101.967
-40.2887 -36.4521 95.5269
-39.8484 -38.4538 94.5167
-40.294 -45.772 88.6494
-40.1945 13.2332 91.4046
-39.0937 -2.65383 102.744
-38.9284 -19.1097 101.032
-39.0795 41.131 101.834
-39.6549 18.1412 93.8709
-38.868 2.71507 100.597
-38.4024 -16.1824 101.929
-38.4534 38.5903 102.716
-38.4599 34.2727 99.4584
-39.1002 25.5076 92.0488
-38.6949 7.6622 97.7062
-37.9469 -6.99172 103.41
-38.0879 31.4753 97.4458
-38.4992 27.4 93.2492
-38.5479 16.6203 94.55
-37.9727 -42.9576 92.6613
-37.2382 1.25286 101.699
-36.8494 -24.8528 101.343
-37.7196 21.6473 90.9141
-36.3863 -8.89879 104.157
-36.7053 -38.2673 96.603
-36.7799 -40.2962 95.4189
-36.3736 37.0343 102.616
-36.7225 8.65651 97.5594
-36.4639 5.18133 99.7012
-35.8385 -12.2573 104.056
-35.9278 -29.2409 100.114
-36.3525 -42.3202 94.4377
-36.4361 26.856 94.629
-36.6158 23.06 92.4272
-35.3361 -17.0631 102.633
-35.611 30.9755 97.8727
-35.1969 0.777241 102.308
-35.0123 42.892 103.893
-35.1397 8.15125 98.3499
-34.8172 2.733 101.264
-34.3364 -10.7891 104.949
-34.7872 29.1675 96.3255
-35.0125 23.971 93.8283
-34.9933 21.9976 94.6004
-34.8674 16.0564 95.9632
-34.7611 9.65531 97.013
-34.4202 4.69613 100.188
-33.8912 -7.4255 105.473
-33.9171 -30.6389 101.001
-34.5327 -48.8898 91.7308
-33.3163 -25.2248 102.755
-33.8658 -45.2274 94.2816
-33.0316 -2.60437 104.76
-32.9688 42.7804 105.251
-33.3677 27.7579 95.9077
-33.4794 25.4091 94.2122
-33.4353 23.4248 94.8732
-33.4207 21.4598 95.4827
-32.7536 1.7654 102.273
-32.629 -37.5899 98.3217
-32.5359 44.7592 104.886
-32.4246 -49.21 93.4807
-31.3039 -19.8544 104.315
-31.3094 -26.6114 103.586
-31.375 -30.0507 102.939
-31.8085 -45.1088 95.647
-32.0614 -53.8561 92.1473
-31.3755 38.8047 105.03
-31.389 36.915 103.214
-31.9346 26.8269 94.7736
-30.9841 -4.51621 106.224
-31.3801 20.9427 95.33
-31.3203 17.0068 96.4028
-30.76 1.77261 102.985
-30.6315 -37.0435 99.4434
-30.9008 -50.6265 94.217
-30.4766 5.68733 100.663
-30.3197 -48.0387 95.8741
-30.144 48.6358 104.983
-29.4121 -10.2463 106.368
-29.3723 -15.51 105.444
-29.3219 -27.9963 103.922
-29.731 -43.4817 97.6461
-29.9177 -53.1066 94.511
-29.482 44.0968 107.026
-29.5818 32.7558 100.507
-29.8994 24.8371 95.5333
-29.5769 7.65692 99.7132
-28.9626 -6.89423 107.041
-29.1687 -39.9697 99.5289
-29.3695 20.4381 95.567
-29.3199 16.9989 96.6636
-28.8043 2.26684 103.352
-28.8072 -50.4405 96.3292
-28.5741 47.0389 106.422
-28.5149 6.1826 100.891
-28.4147 4.22035 102.284
-28.1318 -1.6059 105.843
-27.9552 -9.75236 106.769
-28.249 -47.8823 97.8266
-28.3474 13.6011 96.5096
-27.5182 -5.92381 107.326
-27.6524 -40.878 100.495
-27.6762 -43.3535 99.7969
-27.8087 11.6332 97.0868
-27.6075 8.14904 100.11
-26.7819 -25.9581 106.598
-27.4787 -59.0816 93.6223
-27.0241 45.4668 107.717
-27.1314 32.7392 100.924
-27.3608 17.9842 96.6465
-26.3517 -29.348 104.86
-26.5063 34.967 103.416
-26.5479 6.67378 101.348
-26.1869 -1.11075 106.116
-26.0783 -4.95227 107.379
-25.9186 -16.8839 106.58
-26.3635 -56.8715 96.1533
-26.1182 48.4081 107.095
-25.7728 0.824244 105.114
-25.2853 -24.4801 108.814
-25.6043 -42.7078 102.786
-25.7216 51.8778 106.088
-25.9442 25.7969 96.3603
-25.7473 10.6255 98.8303
-25.6414 8.64024 100.518
-24.9705 -15.4447 106.927
-24.8049 -28.2884 106.931
-24.9286 39.0691 107.175
-25.4149 21.8898 96.2939
-24.8657 2.76547 104.43
-24.2803 -26.8144 108.24
-24.3958 -30.2635 105.487
-24.7175 -53.1132 99.796
-24.4761 36.7422 105.611
-24.9303 19.9559 96.1367
-24.9082 17.9959 96.7677
-24.5811 7.16356 101.769
-24.1442 -50.0266 101.794
-24.3899 -60.7999 95.758
-24.1702 49.8013 107.39
-23.8248 1.31707 105.453
-23.7576 -0.612691 106.44
-23.6847 -3.01578 107.521
-23.5627 -40.622 105.639
-23.5508 -44.9934 105.317
-23.7264 -55.0453 99.7956
-23.6336 48.2861 108.175
-24.0031 27.2749 96.2281
-23.8159 11.6219 98.3045
-23.0679 -13.0413 107.476
-22.7831 -25.3366 110.927
-22.6441 -6.82873 107.833
-22.2802 -27.202 109.934
-22.7484 -57.0006 99.5515
-22.8922 -63.2156 95.7788
-22.5399 43.3398 109.504
-22.6084 34.4524 104.099
-22.9783 18.9976 96.7202
-22.9366 16.542 96.8479
-22.1348 -10.1661 107.519
-21.9126 -19.6367 109.573
-22.106 -50.8285 103.423
-22.0056 38.5382 107.667
-21.912 3.25517 105.411
-21.6847 -5.38613 108.118
-21.5501 -14.9088 108.286
-21.5379 -40.9696 107.548
-21.4888 -43.3384 108.517
-21.7786 -58.976 99.2122
-22.0521 26.8094 95.8029
-20.7859 -26.6626 111.831
-21.1313 -53.2539 103.143
-21.2096 49.6687 108.555
-21.2419 10.1116 101.151
-21.0254 6.16561 104.46
-20.4557 -45.1598 109.552
-20.9898 17.0464 96.7714
-19.8469 -23.3474 113.426
-20.1622 -55.2012 102.773
-20.2833 51.625 108.091
-20.1184 44.2418 110.127
-20.6101 27.3285 96.1011
-20.4358 13.6079 97.7404
-19.9733 4.70386 105.88
-19.8926 2.28968 106.963
-19.7842 -1.55002 108.55
-19.3997 -21.4438 112.301
-19.693 47.6353 109.602
-19.6569 34.8413 105.537
-19.2658 -59.7797 100.775
-19.4726 30.0226 99.5019
-19.2387 10.0905 102.637
-19.122 8.10862 104.576
-18.4363 -45.935 111.331
-18.6012 39.3965 109.805
-18.6054 37.9941 108.592
-18.9981 15.0916 97.2947
-17.8672 -24.6795 114.543
-18.1754 44.1877 110.586
-18.1467 42.2566 110.728
-17.514 -19.0425 111.753
-17.4186 -22.7938 114.273
-17.5322 -50.8372 108.062
-17.6805 -56.0225 103.843
-17.8817 53.0376 108.248
-18.0675 18.0433 96.7788
-16.9777 -20.8967 112.879
-16.989 -42.499 111.627
-17.3308 -66.6938 98.4129
-17.2546 47.0745 110.432
-17.1734 36.5902 108.039
-17.6968 26.4059 95.5084
-16.6512 -15.2828 110.946
-16.7822 -60.6125 101.856
-16.8157 -63.6559 100.235
-16.7401 34.3149 106.498
-17.0533 29.0911 99.386
-17.143 27.7722 97.3003
-16.5962 7.58213 107.952
-15.8833 -26.459 115.914
-15.975 -43.8274 112.68
-15.9706 -49.1197 111.55
-16.2349 -57.9853 103.6
-16.3308 49.0221 110.133
-16.1907 38.8887 110.349
-16.3241 32.5325 104.886
-16.0793 17.539 97.598
-15.8204 12.0131 104.414
-15.0539 -20.3758 113.587
-15.087 -52.1333 108.003
-15.3168 -62.5475 101.705
-14.7937 -59.9686 103.18
-15.2231 24.448 95.9516
-14.0178 -49.9335 111.62
-14.3218 44.5856 111.616
-13.6862 -17.0807 113.174
-13.6396 -18.9418 113.894
-13.5258 -24.0583 116.307
-13.5434 -44.1449 112.837
-13.818 42.6563 111.807
-14.1883 25.824 97.7299
-13.3084 -58.858 103.961
-13.3193 36.0632 109.243
-13.3266 12.9197 107.156
-13.2224 10.924 110.347
-12.6146 -4.38916 123.827
-12.5406 -47.871 113.697
-12.8549 -68.3222 100.24
-12.8732 33.7841 107.65
-13.0164 16.4468 101.407
-12.4188 2.22754 117.265
-12.1286 -51.8385 109.619
-12.3546 37.9121 111.028
-12.5135 30.2439 104.084
-11.829 -57.7363 104.359
-11.6314 8.91755 114.725
-11.2293 -15.5768 116.579
-11.0898 -26.7618 118.044
-11.682 22.8491 99.3112
-10.9971 5.05345 118.526
-10.4522 -7.11006 130.766
-10.8965 -65.2513 101.716
-10.0963 -4.36274 129.055
-10.1701 -24.4088 117.973
-10.4122 -62.2747 102.757
-10.7087 56.8405 108.855
-10.5113 31.0361 106.832
-10.5518 29.7073 105.475
-10.1191 50.8897 111.067
-9.98646 33.2778 108.768
-9.59307 7.88542 118.794
-9.52256 5.4988 120.433
-9.04427 -5.71883 132.253
-9.26386 -42.5942 113.001
-9.208 -50.1416 112.139
-9.26541 -52.7176 108.968
-9.42447 -69.1289 101.1
-9.56913 46.4783 112.052
-9.53392 44.053 112.495
-9.488 36.0268 110.857
-9.4969 34.6491 109.726
-9.45897 16.7262 108.356
-8.86206 -54.9043 106.062
-9.02522 40.7124 112.7
-8.32919 -0.176475 126.895
-8.46793 -61.1992 103.185
-8.64474 48.423 111.816
-8.56621 42.614 112.808
-8.20884 11.1971 118.724
-8.13452 8.79254 120.528
-7.54208 -8.85372 134.402
-7.78548 -46.7375 113.559
-8.31213 57.2952 109.254
-8.06303 33.7078 109.741
-7.95022 17.1033 111.903
-7.31784 -51.0753 111.356
-7.48664 -67.5906 101.644
-7.7707 53.3416 110.457
-7.72877 50.8686 111.299
-7.58569 39.2836 112.953
-7.57822 37.4076 112.41
-6.96362 2.61414 126.56
-6.952 -14.5528 119.035
-7.01391 -62.6434 102.951
-7.15176 44.0374 113.015
-7.10084 35.5441 111.472
-7.03731 20.0005 110.517
-6.80928 14.0239 119.001
-6.74773 12.083 120.778
-5.98093 -16.8403 119.125
-5.96136 -18.688 118.972
-5.89996 -27.0955 119.675
-5.89815 -45.7548 114.077
-5.88839 -48.1236 113.247
-6.26123 48.4124 112.163
-5.50215 2.13328 128.682
-5.67587 38.327 113.213
-5.67036 34.1422 111.101
-5.53387 20.3362 114.686
-5.28147 12.013 123.12
-5.18845 8.21351 125.466
-5.14337 6.33215 126.39
-4.7711 -11.9693 133.969
-5.08875 -59.0992 103.333
-5.38043 53.3222 110.745
-5.34247 50.854 111.666
-5.19291 36.451 112.617
-4.80087 45.9705 112.773
-4.4887 18.2794 118.769
-3.83929 -10.1156 135.343
-3.99799 -49.5444 112.813
-4.48638 57.7564 109.581
-3.45991 -4.25849 134.46
-3.42471 -6.05833 135.319
-3.58366 -54.2091 107.437
-3.62221 -67.5659 101.751
-3.88133 48.4023 112.311
-3.45354 15.3192 121.983
-3.29176 8.17954 126.603
-2.96015 -13.7578 132.302
-3.10687 -25.6614 120.543
-3.29231 36.9037 113.225
-2.65051 0.296354 131.259
-2.99435 53.316 111.121
-2.21225 -20.0155 119.874
-2.40371 44.0294 113.34
-1.64827 -4.23944 134.413
-1.57592 -9.63011 135.889
-1.71266 -62.5717 102.428
-1.69535 -66.0575 102.212
-1.8282 29.8626 112.298
-1.25679 -1.06062 132.087
-1.1593 -15.1229 130.482
-1.23956 -26.0973 120.648
-1.18263 -45.2125 114.713
-1.5946 55.7769 110.468
-0.983626 8.652 125.708
-0.940464 6.31346 127.246
-0.703658 -47.1169 114.029
-0.889116 31.2782 112.384
-0.866239 28.4384 112.543
-0.228889 -51.0055 111.346
-0.244092 -53.0944 108.716
0.230532 -11.4169 135.206
0.230145 -13.2343 133.93
0.203048 -55.8681 104.875
0.207414 -61.0782 102.816
0.224295 -64.0602 102.508
0.234445 -66.0384 102.032
-0.136696 53.3249 111.205
-0.0603882 46.4597 112.847
-0.0354248 44.0407 113.3
0.00240738 39.7484 113.557
0.465233 4.46935 127.873
0.534288 0.326696 130.786
0.67957 -43.3486 114.099
1.05866 -24.2509 119.429
0.766752 57.7763 109.893
0.862225 48.9098 112.307
0.928387 42.1355 113.42
0.958985 38.339 113.398
0.971537 36.4573 113.067
0.990333 33.6397 112.643
1.00356 31.7614 112.507
1.63144 -56.9766 103.43
1.51742 26.5531 112.252
1.59514 20.2292 115.069
1.68164 14.8636 119.857
1.73169 11.5202 122.401
1.75954 9.62927 123.82
1.87373 1.71691 129.394
1.95772 -21.4384 117.85
2.13955 -62.5787 102.072
2.16277 -66.024 101.653
2.1818 -69.4913 100.587
1.83495 46.4811 112.759
1.89057 40.243 113.466
2.43615 -6.00669 135.073
2.42732 -18.5221 121.098
2.57463 -44.7604 114.024
2.26122 51.383 111.555
3.05683 -46.6513 113.351
3.06531 15.3832 118.377
3.53626 -48.5868 112.127
3.54449 -54.8188 105.365
3.29138 42.644 113.444
3.81645 -20.9589 117.755
3.67737 52.3943 111.059
4.01526 13.4983 118.979
4.27451 -19.5194 118.709
4.30935 -23.7716 118.445
4.28686 35.5844 112.025
4.93268 -45.2551 113.338
4.69535 44.5823 113.044
5.0913 -1.45161 130.005
5.21349 38.8821 113.048
5.22527 37.0105 112.367
5.26861 30.4894 109.809
5.56778 -3.72555 131.529
5.67489 -20.4972 117.131
5.65925 42.6788 113.36
5.85215 16.5112 114.035
5.87588 13.5964 116.58
6.48659 -63.64 100.754
6.82093 -45.7663 112.06
6.88415 -54.4038 104.417
6.90416 -56.5446 102.575
6.93029 -59.1369 101.666
6.50571 55.9201 109.478
6.72167 27.2997 107.624
6.76366 21.5635 107.412
7.26442 -42.0281 111.407
7.30927 -47.7128 111.199
7.32403 -49.6816 110.006
7.04728 47.0473 112.358
7.16617 31.0554 108.508
7.26852 16.6511 110.752
7.305 10.3371 116.314
7.32244 7.48737 118.037
7.42027 -9.14249 131.854
7.53954 -20.0493 116.213
7.69006 25.9807 105.571
7.73948 18.7085 107.38
7.85195 -4.61971 129.262
8.36118 -57.6376 101.679
8.02399 43.196 112.989
8.13029 30.1931 107.222
8.78354 -52.8988 105.061
8.81163 -55.044 102.932
8.87411 -60.2062 101.038
8.90248 -63.2244 100.0
8.71367 14.324 110.196
8.76586 -1.85661 124.698
8.9098 -15.8375 116.335
9.23039 -50.2794 108.09
8.99042 40.8366 112.904
9.06548 32.0733 107.568
9.1004 29.3364 105.829
9.19128 18.3606 104.932
9.21753 5.68172 115.782
9.42443 -21.0125 115.089
9.49261 37.1141 111.203
9.50704 35.2796 109.636
10.1023 -40.7116 109.198
10.1412 -45.897 109.773
10.2375 -53.5509 103.509
10.3391 -61.2792 99.9417
9.95301 38.9815 112.104
10.6767 -50.9221 106.018
10.3362 54.0348 109.297
10.6435 11.5279 109.179
11.0143 30.3762 104.555
11.0478 28.5774 102.735
11.1256 -2.28161 119.276
11.3003 -19.6343 113.687
11.3667 -28.5197 115.491
11.5544 -44.0389 108.911
11.7366 -56.75 100.906
11.2845 56.0613 108.319
11.3123 49.5955 110.998
11.3591 41.3657 112.335
11.6296 20.0446 100.253
11.5684 -6.89971 124.847
11.7839 -21.5044 114.014
12.054 -45.9965 108.37
12.0922 -48.9678 107.112
12.1369 -51.5855 103.966
12.096 0.57204 113.371
12.0858 -2.26392 116.503
12.2324 -16.8413 112.435
12.2725 47.6479 111.432
12.2816 45.6952 111.968
12.2994 42.8113 112.292
12.5581 26.3949 99.3883
12.6139 17.1264 100.751
12.5222 -5.06006 121.131
12.7357 -22.9089 114.159
13.1293 -52.7151 102.29
12.7339 52.1138 109.63
13.1054 21.1335 98.1361
13.0548 -2.24685 113.864
13.2137 -24.7631 114.768
13.4483 -39.4312 106.699
13.5539 -49.6126 104.812
13.3377 34.5063 107.012
13.5385 4.88449 109.957
13.6612 -15.9271 111.185
13.7324 -28.574 113.883
14.2823 -64.53 96.2435
13.6956 50.1531 110.319
14.0252 2.51195 110.165
14.6902 -58.4623 98.7391
14.5317 26.532 97.4665
14.6297 -22.0054 112.824
14.9721 -47.2026 105.44
15.223 -61.0637 97.0834
14.6563 48.2092 110.788
14.9216 30.1948 100.415
15.0845 15.2847 99.1039
15.0634 13.2722 101.189
15.0168 9.29174 105.423
14.999 5.40867 108.014
15.0975 -15.4742 110.04
15.3017 33.2823 104.193
15.5763 17.2788 97.948
16.0825 -53.953 99.558
16.128 -56.508 98.3939
15.6064 54.2247 107.733
15.6231 44.8302 111.24
15.9682 3.02797 108.393
15.9772 -2.21145 109.179
16.0473 -12.6498 109.148
16.0561 -17.3558 110.045
16.0705 -25.2929 113.127
16.454 -47.8514 103.305
16.7212 -62.1996 95.3801
16.2126 35.083 105.728
16.5563 13.8447 99.0252
16.4946 9.83591 103.622
16.4558 0.648858 108.473
16.8538 -38.2258 102.945
17.3687 -43.9465 103.561
17.4642 -48.9758 101.091
17.5161 -51.5249 99.6491
17.6213 -57.1389 97.048
17.0523 47.3226 110.231
17.0969 38.7259 108.633
17.4523 7.41181 104.823
17.437 5.46546 106.193
17.5427 43.9385 110.802
17.9801 -16.9062 108.805
18.4039 -46.5278 101.938
18.0746 37.8663 107.06
18.5181 12.9036 98.62
18.4036 3.54952 106.839
18.3984 1.14788 107.712
18.4028 -3.14496 107.973
18.4418 -7.90959 107.548
18.4602 -10.7675 107.707
19.1956 -61.3891 93.7798
18.5089 42.0518 110.38
18.9957 -28.2453 109.515
19.1025 35.6689 104.493
19.3919 5.50412 105.074
19.4324 -15.0346 107.666
19.8012 -37.8918 100.5
20.0254 -53.2373 96.8729
19.494 39.2988 107.474
19.9044 -19.7416 108.483
19.9465 52.9184 106.965
19.9404 45.004 109.769
20.3647 29.5378 96.6805
20.3593 -5.04164 107.031
20.3715 -6.95093 106.961
20.9885 -51.2998 96.7191
20.9493 19.3251 96.6553
20.9104 8.47794 101.906
20.8963 -25.8973 108.969
21.2687 -35.5474 98.8521
20.9137 40.7306 107.982
20.9605 38.4515 105.977
21.8955 -46.3456 98.1354
21.8336 4.57885 104.145
21.8096 0.23205 106.049
21.8538 -15.5193 106.526
21.9465 -28.8623 106.081
22.6455 -58.0996 92.1703
21.9915 36.7065 103.875
22.1381 33.6257 100.324
22.309 30.0373 96.8356
22.3407 -10.293 106.05
22.3685 -26.4231 107.4
22.3526 49.0367 107.681
22.8491 24.6695 98.2108
22.8836 8.52325 100.626
22.8482 6.55148 102.282
22.7844 -4.07281 106.32
22.8063 -8.37612 106.115
23.7942 28.1147 96.5466
23.8424 22.253 97.377
23.8051 4.61401 103.036
23.781 2.67043 104.061
23.8475 -26.4775 105.915
24.2457 -35.1709 97.1563
24.2599 -37.1127 97.515
24.312 -41.5224 97.6105
24.3521 -43.5215 97.0734
24.4477 -48.5348 95.0271
23.8064 46.6532 107.664
24.1689 32.3575 98.3222
24.395 15.4504 96.6283
24.4149 13.5027 96.5651
24.257 -8.84663 105.833
24.3806 -27.9641 104.236
24.9136 -46.5567 95.6253
24.4127 37.2667 103.106
24.4925 35.4837 101.338
24.849 8.06959 99.908
24.8138 6.09848 101.547
24.7689 -15.5301 105.307
25.217 -7.40592 105.649
25.2592 43.3167 106.739
25.2746 40.9478 105.333
25.7912 22.2751 96.8895
25.7645 4.1593 102.187
25.7992 -25.0894 104.674
26.1817 -33.7022 96.7509
26.265 -38.1596 96.807
25.7511 45.2901 106.777
26.1594 31.4663 97.5711
26.3849 13.0424 96.1929
26.2298 -14.5808 104.762
26.9645 -48.1909 93.1727
26.7994 20.3564 96.2669
26.8184 16.9295 96.6974
26.7599 40.0976 104.015
27.0148 34.2287 99.5656
27.1926 -13.1445 104.767
27.7218 -36.2155 96.4047
27.8223 9.60049 97.636
27.6906 -16.9658 104.154
28.1565 -34.211 96.6291
28.361 13.0763 95.5927
28.1376 -1.62851 104.228
28.7506 6.15992 99.906
28.6271 -11.2191 104.682
28.9785 34.2868 99.0658
29.2059 24.287 95.6382
29.7493 -37.7566 95.4393
29.3715 36.1111 100.031
29.5384 32.9319 97.9325
29.6902 26.7426 95.8356
29.7048 4.70078 100.572
29.6442 -16.9719 103.636
29.6952 -21.7813 102.845
29.9681 -30.6652 98.9876
30.1023 30.096 96.7615
30.146 2.26547 101.829
30.0937 -12.6521 104.214
30.2521 38.4173 101.469
30.7574 16.9895 96.1196
31.2003 23.8578 94.8117
31.2743 9.15861 97.0196
31.0419 -5.92933 103.878
31.1395 -19.8593 102.429
31.2666 -25.6999 100.58
31.6737 -36.25 95.9202
31.685 26.3222 94.5819
31.6635 4.23655 100.227
31.8173 36.6634 99.5211
32.315 14.124 94.2803
32.1165 2.28968 101.087
32.723 -37.7853 94.6853
32.7679 20.5094 93.876
32.7596 16.5528 95.1082
32.8114 -27.2124 99.2409
33.1999 25.8956 93.5977
33.1596 -22.3008 100.796
33.4561 33.4922 97.4008
33.5007 -5.43678 103.285
33.4978 -9.75695 102.782
34.4483 -43.9463 90.0469
34.5279 -46.0151 88.6044
33.8024 36.7489 98.7504
34.1679 27.868 93.4523
34.3048 19.5806 93.5113
34.2272 8.21415 96.6989
34.0511 0.364183 101.541
34.0092 -12.1621 102.411
34.1003 -19.8796 100.984
34.3827 34.9152 97.813
34.7533 23.5144 92.8169
34.5755 -17.9534 101.203
35.092 29.291 94.5017
34.9763 -6.87169 102.794
35.8214 20.6247 92.0271
35.6398 4.78229 98.4328
35.4877 -10.2391 102.095
35.9991 -32.265 95.4789
36.3627 -40.9269 90.6355
36.0647 31.2613 94.7005
36.1538 27.4177 93.0319
36.3071 24.5881 91.5568
36.2256 8.24712 96.0061
36.0919 2.82741 99.3414
36.3897 -29.2697 96.3965
36.6704 6.27494 97.0992
36.5169 -13.6161 100.903
37.3661 25.1629 90.1352
37.3568 19.6828 91.8549
37.3865 15.252 91.3956
37.069 -16.5277 99.9272
37.1179 -19.9225 99.0743
37.7922 -38.9073 91.2264
37.9775 -42.5452 88.4754
37.3121 36.4359 96.944
37.841 17.7054 91.791
37.5629 1.86731 99.3404
37.9085 -30.2743 95.66
37.8979 34.5889 95.9856
38.3652 10.3035 93.0006
38.2089 7.29143 95.7334
38.0132 -0.564068 100.17
37.984 -4.92568 100.889
38.9717 14.8294 89.8067
38.7517 -25.3266 96.5813
39.0134 32.7808 94.2744
39.2499 26.5955 90.7387
39.4857 12.357 90.2766
39.1588 -19.4766 97.7699
39.981 20.3196 88.7986
39.94 10.852 91.4278
39.8167 8.8256 93.5966
39.5029 -6.36997 99.9339
40.0059 -31.3474 93.5577
40.2217 6.83449 94.9218
40.0459 0.435822 98.4974
40.0086 -4.42626 99.3392
40.0248 -8.79163 99.3831
40.043 -11.2153 99.0856
40.2775 -23.4204 95.8692
40.3466 -25.889 95.0588
40.5249 -1.99251 98.6501
40.959 -28.4006 93.6588
41.6244 20.9382 86.5373
41.286 -21.4904 95.4955
41.5906 1.43609 96.9947
41.6177 -12.6858 97.447
41.6667 -15.1281 96.8893
41.8796 -23.9752 94.2218
42.0868 -29.9601 91.4019
42.0957 -10.2515 97.4801
43.2054 15.4987 86.2035
43.1036 -28.0195 90.8297
43.1745 2.93669 95.0549
43.0655 -4.40426 97.2084
43.156 -11.7192 96.2857
43.8626 -31.6365 87.4043
43.588 -1.96108 96.5384
43.6332 -8.7913 96.3162
43.804 -16.1455 94.2866
44.4994 -20.6208 91.7214
44.8791 6.44334 91.7673
44.79 4.45033 93.0235
45.3042 -12.7218 93.724
45.3876 -15.1909 92.7517
46.4752 6.48616 90.1527
46.3769 4.48723 91.3933
46.7676 0.532717 93.0329
46.8856 -11.752 92.1438
46.9767 -14.2282 91.1344
47.0847 -16.7179 89.8438
47.3585 -21.7538 86.4471
48.3879 1.05403 91.1174
48.3241 -0.92328 91.987
49.1548 6.0602 87.4968
49.4724 -7.31991 90.1639
51.0763 -4.84408 88.56
51.1597 -7.81876 87.6866
51.3257 -0.973283 88.2386
50.0836 -2.75933 90.2054
48.7769 -5.23388 91.5904
48.3557 -3.04608 92.1181
48.0784 -8.83093 91.6267
48.3177 -11.589 90.4727
47.0272 -4.9039 93.6523
46.9846 2.53251 91.8824
46.6078 -2.48676 93.9752
45.3553 2.46956 93.5135
45.1612 -0.411524 94.8325
44.7996 -3.39515 95.8509
44.9002 -10.1558 94.8616
45.0552 8.03186 90.3419
44.0942 -18.6992 93.0513
43.3625 -13.792 95.5493
43.4241 8.02768 91.7033
43.101 -22.2199 93.0562
42.5512 -34.4448 88.2425
42.3529 -17.1972 95.5861
42.1619 -32.2646 90.1726
42.6635 18.0867 85.9434
41.7779 -3.32369 97.8569
41.4067 -37.0383 88.426
41.8538 7.56147 93.3109
41.4011 9.30811 91.9609
41.1918 3.71815 96.0865
40.9286 -19.1622 96.4423
40.3016 -39.6544 88.1919
40.3439 -16.7893 97.7077
39.7769 -14.8736 98.6157
39.5275 -33.8732 92.7801
39.3691 -37.9687 90.304
39.9697 18.0257 89.1983
40.0932 15.9204 88.7884
39.4927 2.67504 97.9102
38.6243 -3.07823 100.193
38.3597 -36.8279 92.0021
38.873 19.496 90.5526
38.1069 -11.407 100.561
38.0739 4.63876 97.4965
37.4574 -6.55846 101.395
37.5202 -8.98292 101.305
38.0219 -21.771 98.0416
38.028 23.4783 89.1749
37.7718 8.81794 94.7845
36.7988 -36.6527 93.2353
37.6789 30.8036 93.6519
36.7771 -25.278 97.9704
35.9918 -5.16086 102.152
36.0372 -11.9032 101.435
36.4092 -23.7633 98.8105
36.7159 38.8715 98.381
36.3173 16.7887 92.8884
35.7364 0.548914 100.756
35.8242 -18.9259 100.239
35.236 -37.527 93.6443
35.2803 9.64095 95.185
34.5383 -3.79641 102.591
34.8054 -30.302 96.9435
35.3108 41.2681 99.7206
34.7633 25.5178 92.499
34.574 21.5296 92.8258
34.6621 17.2075 94.1863
34.6303 6.75343 97.5467
34.2358 1.91545 100.619
34.0162 -1.37443 102.202
34.5183 -26.0966 98.5836
34.3809 -28.6751 97.7039
34.4232 15.0879 93.5483
33.7849 3.8974 99.6362
32.8234 -43.0431 91.5715
32.8751 -8.26877 103.174
33.2705 -34.8451 95.9118
33.0471 23.9044 93.7384
33.048 18.7333 94.5034
33.5403 13.294 93.4352
33.3147 10.0184 95.5489
32.7884 -18.9532 101.85
33.1771 -24.5439 99.9115
33.3874 42.895 101.44
32.6552 7.59753 97.6058
32.4768 5.69816 99.0044
31.9431 -2.4558 103.285
32.2139 -17.5558 102.559
31.5504 -40.2048 93.718
32.7433 35.0697 98.4651
31.9272 28.4004 94.1002
32.0133 22.3609 94.3882
31.6394 -13.1157 103.486
32.0008 -21.3161 101.787
30.6693 -43.3478 92.628
30.4038 -45.4234 91.7839
32.2875 38.5551 100.449
29.6261 -47.4012 91.4292
30.9754 20.8239 95.0384
31.4819 10.8753 95.6437
30.5184 -1.0525 103.324
31.2068 45.1662 103.27
30.5414 6.0471 99.3928
29.8417 -4.53701 104.195
28.7461 -46.1467 92.7065
30.8997 42.4198 102.675
30.3329 14.5601 95.2229
29.8015 -34.091 96.9675
29.6245 -35.9127 96.1865
27.9449 -49.5586 91.7683
27.8009 -52.2808 90.5312
29.8874 28.896 95.3126
28.7637 -6.99669 104.507
28.9793 20.2469 95.6655
29.0478 18.6509 96.1249
28.7491 -13.7266 104.39
29.578 40.4751 102.773
28.687 8.30828 98.3664
28.5308 -18.4244 103.843
26.6791 -45.6153 94.5554
26.0779 -55.2292 90.6036
28.7239 47.5802 104.4
28.6332 44.7104 104.816
28.0173 21.7542 96.0833
27.8372 4.04442 101.486
27.7325 2.13282 102.631
27.4132 -5.61752 104.915
26.6412 -41.1787 95.8448
28.3388 41.6232 103.76
27.7424 29.4094 95.6611
27.7113 27.1587 95.935
27.9665 11.5551 96.5045
27.0945 -3.26569 104.846
27.0381 18.6248 96.3942
26.9496 -20.8914 104.309
24.9032 -46.4202 95.5466
24.6455 -51.3617 93.6869
27.0646 42.9748 105.318
27.3995 37.8912 102.29
26.6671 7.64562 99.4222
26.5305 5.77631 100.822
26.2341 -23.0441 104.796
26.9189 35.8041 100.629
25.6993 -12.4335 105.103
23.4503 -53.3502 93.7807
25.7129 27.7195 96.2611
25.9311 11.3832 97.088
25.7255 9.41926 98.4063
25.0693 -5.24927 105.621
25.4264 -29.7943 101.115
23.9813 -39.189 97.9661
23.3075 -47.2819 96.4975
25.155 25.6082 96.7374
25.1193 24.0053 97.3949
24.7499 -21.7879 105.608
22.364 -52.2801 95.1653
24.5565 20.7202 96.6459
24.6114 18.5998 96.652
22.1356 -49.2349 96.6131
24.793 48.1781 106.774
23.907 0.480984 105.029
23.9299 -13.8984 105.625
22.1564 -38.4117 98.987
22.1517 -40.6808 99.2727
21.2577 -54.3104 95.3187
24.2933 51.005 105.961
24.2548 44.8564 107.717
24.0836 41.879 106.817
23.8857 11.788 97.5275
23.7331 9.70673 99.1443
23.2699 -30.0059 102.717
23.7431 46.6164 107.699
22.8458 -1.93278 106.109
22.6933 -6.26367 106.314
22.8049 -17.3375 106.3
20.8173 -42.8714 100.456
20.1588 -56.3236 95.3993
23.4054 38.9804 105.196
22.6457 20.7833 96.5822
22.7318 17.107 96.8273
19.7891 -50.2903 98.2802
22.7724 44.1512 108.429
21.9838 2.3091 105.199
19.9161 -41.0981 101.079
19.583 -44.3996 101.304
19.0467 -58.3613 95.3379
22.166 47.3242 108.317
21.7786 10.1364 99.6818
21.2494 -13.4252 106.703
18.6763 -52.6111 98.2623
21.0497 6.37709 103.449
20.8224 -2.99174 106.98
20.8004 -9.23394 106.57
18.6359 -43.0464 102.369
21.2949 42.4706 108.988
21.5109 34.8166 102.082
20.336 -12.0576 106.958
20.2637 -16.8788 107.625
20.3536 -23.353 109.212
17.594 -54.4445 98.186
20.3573 13.8912 97.2971
20.4216 12.1599 98.3872
20.0884 3.56706 105.843
20.0377 1.30549 106.852
19.9704 -1.12106 107.353
16.2695 -59.3228 97.1882
19.6408 47.9228 109.213
19.8271 43.2865 109.892
19.3067 18.5559 96.8194
19.1563 7.66032 103.654
18.8042 16.4588 97.1878
18.4002 -12.9166 107.836
18.2567 -24.6804 111.203
18.3641 11.4675 100.215
18.214 9.61912 102.523
18.0103 -1.18508 107.972
17.6773 -26.5459 111.847
14.8187 -44.8434 105.848
14.8298 -50.3654 102.595
14.6896 -55.5504 99.7993
18.4499 42.2598 110.438
17.0053 -28.4283 111.272
17.4544 48.9748 109.712
17.8098 29.4499 97.4532
17.4022 17.4285 97.3033
16.838 -14.9254 108.891
16.7914 -18.9327 110.233
16.8528 -22.67 111.712
13.7129 -60.1798 98.566
16.3138 -20.8752 111.234
13.2887 -54.9382 100.891
13.2781 -57.522 100.032
16.461 50.5048 109.354
16.9799 41.1338 110.655
15.4875 -27.886 112.959
15.4711 52.096 108.923
16.0671 39.5843 110.206
14.8687 -19.3954 111.6
14.6906 -26.3625 114.081
11.9205 -59.5071 99.906
14.7728 11.5001 103.753
10.7408 -48.0121 109.003
15.1508 37.1235 108.206
14.9927 31.6657 102.312
14.2754 8.09811 107.046
9.78936 -43.8491 110.16
13.9559 28.0022 99.0824
13.4457 -7.47542 122.24
13.3944 -20.2259 112.769
13.1863 -26.7767 114.822
10.2203 -55.917 101.824
10.3263 -58.5569 100.923
14.0429 38.078 109.695
13.5415 15.0794 101.393
13.2234 0.535945 111.676
9.01544 -47.397 110.265
9.39851 -66.3244 98.9065
12.9342 54.2189 108.58
13.1981 44.271 112.106
13.3336 41.5964 111.987
13.5308 36.0633 108.204
12.8464 7.58395 109.083
12.9802 31.607 104.003
12.7078 28.8127 101.107
12.0714 15.4747 103.23
11.9813 11.935 106.742
11.3266 -24.2296 115.659
11.477 56.0495 108.269
11.8686 36.4769 109.25
11.7839 23.1348 98.8645
11.4232 8.48898 110.439
11.3071 3.2492 113.563
10.9938 -17.4848 113.613
7.43049 -51.9011 107.135
7.39554 -65.0919 100.273
7.37784 -66.9888 99.863
11.4351 34.7331 108.183
11.0949 14.4179 105.561
10.9466 0.465772 115.783
9.95476 -27.6935 116.365
7.05492 -62.0473 100.866
10.6969 43.6435 112.587
10.86 32.6907 106.811
10.0973 -9.89431 126.812
9.80541 -22.7189 115.794
9.71619 -25.6321 116.939
10.1954 51.5767 110.395
10.0521 10.3659 111.294
5.08023 -47.3851 112.235
6.00896 -68.7729 99.912
9.6405 47.5174 111.961
9.6124 45.2566 112.572
9.32472 -4.31971 126.442
9.06095 -19.3264 115.213
5.44329 -53.3943 106.304
9.24402 26.1195 103.252
7.95905 -27.6304 117.451
5.04917 -55.6421 103.84
5.18374 -57.3004 102.51
5.21374 -59.4894 101.664
8.6665 49.271 111.481
8.91225 33.6631 108.701
8.6589 10.3067 113.986
8.57656 7.89323 115.496
8.31186 -7.56206 130.445
4.03242 -35.8308 116.136
3.38377 -36.2229 116.142
3.78475 -52.8492 107.772
4.12902 -67.392 100.773
7.54874 53.9712 109.968
7.65205 51.6243 110.826
7.68079 38.8904 112.742
7.70605 2.70316 121.369
6.99495 -16.6048 117.505
3.58917 -60.8637 101.639
7.104 44.9935 112.943
7.22574 36.8944 111.885
7.34099 12.6294 114.727
7.11704 -1.55772 127.507
6.64513 40.5359 113.208
6.79427 5.00868 120.879
6.00278 -18.7788 117.983
0.738691 -45.7776 114.425
1.51528 -48.0329 113.095
6.10991 49.0812 111.9
6.34269 3.13867 123.612
6.08026 -9.28375 133.498
5.45158 -25.1283 119.259
1.63199 -51.9297 109.88
1.8789 -54.0709 106.865
6.06828 35.5007 111.288
5.91714 11.0571 118.248
5.88569 9.17221 119.522
5.86637 7.29563 120.803
5.81259 1.23626 126.793
5.64214 -3.89464 131.557
1.68576 -59.3807 102.428
5.09291 53.6763 110.462
5.1094 51.2385 111.321
5.29643 22.0063 110.098
4.57968 46.7217 112.638
4.52532 40.7232 113.294
4.8693 20.459 111.913
4.95516 5.8569 123.329
4.80042 -9.22592 134.953
-0.399282 -49.4791 112.551
4.4795 28.8992 110.261
4.22497 -4.36684 133.291
4.31993 -11.0279 134.071
4.27871 -12.8851 132.245
3.2858 -26.5968 119.726
0.187407 -58.4014 103.172
3.65536 52.2946 111.038
3.5628 48.9467 112.113
3.99328 19.4197 113.877
4.0857 11.9111 120.178
4.07827 10.0208 121.624
4.05819 8.14495 122.889
3.77211 -2.53889 132.125
3.0908 -24.6091 119.368
3.0484 57.5552 109.762
3.06206 38.6528 113.135
3.22077 36.8897 112.729
3.56373 27.5532 110.982
3.40117 0.244789 130.008
-2.95176 -43.8216 114.354
-2.79799 -46.1645 114.55
-2.46775 -48.0824 113.603
2.58675 53.6415 110.852
2.92903 34.0253 112.201
2.37003 -20.0649 119.291
1.9357 44.4096 113.255
2.65893 18.7927 115.571
2.41918 -4.30881 133.92
2.51963 -9.6322 135.638
1.99748 -23.2465 118.226
1.05428 -27.9554 119.912
-1.65459 -59.5756 103.055
-1.61511 -69.5617 100.443
2.08915 3.03923 128.169
2.02027 -1.11406 131.543
1.06978 -26.0915 120.448
1.78655 7.67435 125.126
1.67532 5.36274 126.681
-4.27944 -47.0893 113.86
0.621149 -4.23069 134.429
0.0558361 -19.9743 120.103
0.32117 -22.8716 118.033
-3.56514 -61.1845 102.698
-3.44766 -64.1965 102.425
-0.135801 51.3499 111.689
0.449679 16.2875 119.273
0.243157 3.08469 128.873
0.197787 -6.01145 135.508
0.22503 -7.81381 136.07
0.235397 -9.60498 136.077
-1.2375 -27.9472 120.067
-6.1931 -43.151 113.845
-0.983287 -24.3491 119.551
-4.49837 -62.7356 102.783
-1.17977 48.6911 112.416
-1.31458 41.8097 113.576
-1.16941 38.089 113.493
-1.1706 36.0848 113.178
-0.886236 33.31 112.65
-5.07558 -57.1771 104.215
-5.03839 -59.3069 103.35
-1.71105 58.1303 109.851
-1.16626 22.577 114.873
-1.05802 19.6623 116.938
-1.01672 17.7392 118.613
-0.937637 12.5051 122.987
-0.924723 10.6174 124.37
-1.10245 1.7523 130.077
-1.53978 -21.4769 118.302
-5.4689 -69.5135 100.938
-2.31881 46.1326 112.923
-2.01059 39.7435 113.639
-1.93813 34.3765 112.796
-1.61124 -5.95126 135.362
-1.55969 -7.79405 135.947
-1.56322 -11.4159 134.959
-2.22612 -18.2293 122.094
-7.70997 -44.6722 113.776
-2.54651 50.932 111.82
-3.22921 42.5155 113.552
-2.75886 32.8315 112.322
-2.78665 31.0334 111.925
-2.46403 2.68314 129.822
-3.85074 -27.4526 119.938
-7.63952 -48.8714 112.966
-7.06952 -53.947 107.618
-6.97364 -56.1596 104.797
-6.8809 -57.7902 103.81
-6.87868 -59.8809 103.311
-3.08024 28.2452 112.208
-3.67106 -22.3966 117.865
-7.4868 -65.7593 102.204
-4.06197 55.5321 110.249
-3.5277 23.4174 114.948
-3.61074 22.0522 115.922
-3.40346 17.2813 120.212
-3.33038 13.544 123.156
-3.31978 12.1136 124.206
-3.30903 10.2085 125.482
-3.31857 5.94131 127.715
-3.43299 -5.89627 135.421
-4.38203 -17.5074 120.379
-4.28931 -19.4546 119.448
-4.30983 -24.1642 119.526
-5.14549 -28.8118 119.417
-4.11843 34.3911 112.072
-4.07936 29.51 111.467
-3.81883 1.3008 130.244
-3.80502 -7.73594 135.708
-3.76284 -10.0235 135.392
-9.46492 -45.3414 113.566
-4.99522 43.7335 113.211
-4.43048 26.1069 112.526
-4.54998 20.1685 116.853
-4.3429 -2.75162 133.01
-8.67483 -58.3502 103.943
-9.09774 -63.8428 102.285
-5.09989 32.0007 110.501
-5.5377 -20.5021 117.929
-5.29079 16.4052 119.488
-5.25579 14.5121 121.332
-5.23071 10.2576 124.309
-5.1497 4.06383 127.533
-5.18918 -0.0662381 130.774
-5.22855 -5.8972 134.648
-5.97405 -23.6113 118.738
-7.59975 -31.6586 120.92
-10.1068 -56.8798 104.56
-10.0913 -59.3637 103.812
-6.8559 55.4612 109.891
-6.43436 25.6413 109.324
-6.12673 -4.56246 133.627
-10.5317 -53.7316 107.184
-7.10992 46.2799 112.396
-6.79044 32.3227 109.641
-7.00134 30.6866 108.854
-6.87585 17.4932 114.482
-6.71183 9.34851 122.611
-6.73335 6.48099 124.241
-6.65484 4.58138 125.504
-7.32737 -19.9718 117.252
-7.41115 -21.9774 117.142
-7.79882 -27.0383 118.924
-12.1423 -41.5813 112.27
-7.47704 25.3102 106.535
-7.0259 -0.537656 129.46
-7.86854 -23.6915 118.371
-12.1489 -45.5895 113.449
-8.28799 57.3653 109.18
-7.55711 -5.93632 133.718
-12.0313 -50.6243 111.43
-11.7947 -60.489 103.704
-12.2531 -63.2513 101.915
-8.44559 42.4164 112.86
-8.57059 23.6548 104.238
-8.19589 4.19256 123.45
-8.84391 29.1234 106.636
-8.88169 27.6344 105.134
-8.79549 14.2418 113.837
-8.76128 12.3105 116.468
-9.30079 -20.5692 116.05
-9.01239 -8.66972 132.613
-9.78171 -22.1525 116.435
-13.2446 -53.9333 106.483
-13.4123 -61.5876 102.836
-9.61685 38.1757 112.097
-9.64449 1.84436 122.283
-9.48639 -2.43668 127.372
-14.1441 -64.4485 101.088
-10.5803 56.8826 108.933
-10.4029 53.3713 110.071
-10.3729 13.3935 111.408
-10.3106 11.4416 114.309
-10.3099 9.52623 116.417
-10.2177 3.2869 120.48
-9.97039 -1.5336 124.717
-10.8772 27.4375 102.281
-14.8732 -44.9273 113.033
-11.261 48.5569 111.412
-10.9922 39.522 112.16
-11.6387 -22.1953 115.882
-15.4244 -40.4814 111.252
-11.318 36.1618 110.117
-11.9821 15.9598 103.995
-11.7912 6.67132 116.372
-11.631 0.383699 119.063
-12.0074 -25.409 117.607
-12.1599 46.3808 111.643
-12.0403 44.2466 112.052
-11.846 34.9347 108.952
-11.8819 -7.03855 128.591
-15.892 -49.0545 111.667
-12.813 51.0622 110.458
-12.3747 41.0942 112.112
-12.453 31.2657 105.67
-13.1607 26.6477 99.5289
-16.4088 -46.0764 112.547
-17.1587 -66.6678 98.5086
-13.3153 53.3028 109.507
-13.3865 8.69262 112.39
-13.2576 6.21594 114.653
-13.2266 3.77704 115.704
-13.3475 -14.7425 114.329
-13.6314 48.912 110.876
-13.9937 14.144 103.452
-13.7407 0.401282 114.966
-17.7591 -59.071 102.301
-17.6281 -49.1951 110.01
-18.3497 -61.3755 100.451
-14.7717 55.4073 108.201
-14.4972 46.7042 111.24
-14.1395 39.9671 111.539
-15.1313 27.9362 99.138
-15.0244 19.3998 97.3086
-14.7842 6.23479 111.908
-14.726 2.8156 112.818
-15.0809 51.1131 109.839
-14.7941 30.5985 102.621
-15.328 -18.4098 112.617
-15.1751 -22.1547 114.597
-18.2868 -43.7921 111.083
-18.7559 -54.5092 104.173
-18.9828 -57.1127 102.621
-15.6292 53.2359 108.909
-14.8498 37.5177 109.832
-15.4809 -23.9478 115.482
-19.8232 -62.5716 98.7121
-15.5332 41.3835 111.373
-16.4567 9.75116 106.584
-16.2558 5.30388 109.399
-16.256 -0.595919 110.61
-19.0464 -39.0972 107.775
-16.0708 43.4112 111.31
-19.3846 -42.3038 109.851
-19.9409 -52.0939 104.792
-20.6548 -60.704 99.2146
-17.1634 55.2985 107.58
-16.7192 45.3729 110.914
-16.9816 30.2968 100.813
-17.5272 12.9049 100.121
-17.2882 -27.6246 115.228
-17.7361 -3.04697 109.887
-17.7435 -17.1336 111.016
-17.9049 51.3238 108.889
-18.3401 6.90268 106.117
-18.2667 4.30958 107.244
-18.2565 2.25845 108.061
-18.2125 -9.7672 109.276
-17.9807 44.2771 110.715
-18.7303 -14.6165 109.655
-18.7613 49.5332 109.304
-18.2552 33.5749 105.025
-21.9504 -47.6617 106.13
-22.5045 -53.9036 101.555
-19.7753 -3.57665 108.826
-23.3088 -52.0256 101.629
-20.0913 31.662 101.343
-20.9008 8.44572 103.067
-20.7017 -13.1807 108.341
-21.0946 -16.9227 109.007
-23.3716 -42.8672 106.223
-23.8155 -48.0976 103.24
-20.7417 33.4539 103.657
-21.7102 -3.18267 108.118
-21.5178 -21.6659 111.206
-21.8726 30.3353 99.2336
-22.5626 14.9644 96.9547
-22.1828 53.3131 106.787
-21.824 48.0203 108.747
-22.8512 8.9279 101.465
-22.8602 6.78848 103.054
-22.751 4.7146 104.351
-22.4035 -23.5933 111.709
-22.4178 31.837 100.86
-22.9695 -16.5712 107.934
-23.5481 24.8528 96.506
-23.7155 -5.14955 107.827
-25.4285 -40.109 103.339
-25.9785 -45.155 101.624
-26.1932 -47.9337 100.212
-26.4513 -50.9596 98.6711
-24.539 14.9639 96.9679
-24.3875 13.1538 97.2106
-23.6082 40.255 108.787
-24.77 5.15972 103.086
-25.5557 23.4846 96.8485
-28.1597 -53.1955 96.1413
-24.6789 32.6314 101.413
-26.0762 27.9739 96.3317
-25.5396 -13.7562 106.657
-27.1437 -38.7646 101.339
-27.9005 -45.3014 99.0105
-24.9417 35.3046 104.162
-26.3825 14.0957 96.9146
-26.0697 -2.87048 106.966
-26.0434 -11.9931 106.918
-26.6828 -33.7939 100.36
-27.3502 -36.7656 100.716
-29.7402 -57.5008 92.5024
-25.4918 43.66 108.779
-27.061 16.3472 96.9511
-26.7245 2.46223 103.963
-26.0099 38.0692 105.953
-27.4472 24.9369 96.7368
-27.5187 22.7152 96.3147
-26.5048 41.0012 108.32
-27.7247 10.1251 98.5896
-27.4268 -15.2368 106.01
-27.1525 -23.8546 107.125
-27.1916 -27.4448 105.479
-29.7954 -45.5632 97.0185
-28.1905 0.403998 104.656
-27.6083 -22.0594 106.421
-28.3681 -33.4901 100.481
-29.6351 -41.631 98.4537
-27.6277 50.1258 105.756
-28.1117 31.2828 99.5074
-28.6117 29.6464 97.8985
-29.1525 18.6769 95.9164
-28.0192 42.3617 108.004
-27.8576 39.882 107.101
-29.5441 22.3523 95.6495
-28.5089 -24.4392 105.894
-29.7971 26.7493 95.5323
-28.9907 -26.0837 104.858
-29.3182 -31.1472 102.402
-32.0789 -46.9703 94.6862
-28.5952 38.6245 105.483
-30.254 13.1783 95.9064
-30.2019 0.29614 104.142
-30.1745 -33.0968 101.07
-31.0357 -38.7578 98.6437
-31.4064 -40.7193 97.6487
-31.6999 -42.2438 96.8629
-29.4407 41.2603 107.312
-29.3644 35.2122 102.842
-30.5296 29.3093 97.5976
-31.1605 18.6862 95.5712
-30.8869 14.9735 96.54
-30.7177 3.68856 101.826
-29.5801 37.4391 104.295
-30.9976 28.1354 96.6973
-31.5485 22.853 95.1078
-30.8796 -12.6485 105.596
-30.8522 31.7662 99.6905
-31.9081 25.08 94.7839
-31.6967 12.5989 95.3573
-31.559 -9.34221 106.056
-31.2349 -17.81 104.539
-30.8871 -24.7601 104.312
-34.0492 -47.3867 93.0172
-34.7069 -52.1186 90.1702
-30.9023 45.4041 105.763
-31.7666 30.2941 98.262
-32.2762 14.1536 95.8217
-32.1644 -35.1258 99.7879
-33.1718 -39.1871 97.5118
-31.3876 43.1927 106.201
-31.2683 36.8728 103.318
-32.5831 29.1276 97.0224
-33.1769 19.6228 95.0494
-32.9259 15.988 96.4464
-32.5844 5.7547 99.9855
-32.6538 4.18797 100.917
-34.3317 -43.0822 95.1555
-32.0284 47.1429 104.235
-33.1843 11.4654 95.4833
-33.098 7.27549 99.0492
-33.0045 -4.20076 105.406
-32.4825 -23.269 103.537
-33.6965 13.081 94.8538
-34.3917 -37.5121 97.6827
-36.4834 -49.5658 89.8152
-33.1994 31.598 99.0111
-34.6976 19.6409 94.4199
-33.6598 -20.8619 103.23
-33.0959 37.5082 103.403
-34.543 -0.872893 103.393
-34.1084 -15.6387 103.668
-35.1568 25.7275 93.3125
-35.2381 11.9307 94.6543
-35.0102 -2.4142 103.938
-34.4331 45.465 103.339
-34.2593 36.3924 102.238
-36.229 21.1196 93.1689
-35.0667 -19.0423 102.429
-34.6768 39.9291 104.615
-35.0048 32.9754 99.7109
-36.5262 16.8592 95.5622
-35.9638 -7.21209 104.333
-35.5727 -20.9321 102.16
-36.2106 -30.9763 99.349
-36.7914 15.1003 94.5927
-36.419 -10.5709 103.916
-37.2436 -34.3738 97.7644
-36.5032 29.9483 96.5911
-37.4522 24.155 90.944
-37.1553 7.03983 98.747
-36.9366 2.97373 100.844
-36.852 -27.3554 101.01
-38.7271 -40.9589 93.7237
-36.6353 32.5023 98.8456
-37.9697 11.0432 94.3353
-38.4943 -36.3872 96.632
-37.0123 43.9943 102.087
-36.8549 40.1119 103.639
-38.3634 14.5798 92.8772
-38.3137 9.22879 96.2075
-37.8144 -12.1103 103.0
-37.9184 -28.7814 100.057
-38.306 -26.5032 100.179
-40.3506 -41.4093 92.1497
-39.537 11.5846 93.0072
-38.7991 -10.2847 102.734
-38.7304 -24.5774 99.8353
-39.0284 30.475 96.1732
-39.8993 10.0071 94.5262
-39.9967 28.3848 93.0925
-40.7706 20.0192 90.6509
-40.2648 8.30337 96.4148
-39.8781 -1.09617 102.166
-39.945 -6.93433 102.66
-39.7677 -17.4489 100.868
-39.7283 32.7528 97.8178
-40.389 26.9258 91.6857
-41.0891 21.2818 88.2043
-40.3907 3.39372 99.9294
-40.3311 -14.1229 101.26
-41.5631 10.6214 93.004
-40.9654 4.89696 98.8657
-40.8447 1.39199 100.815
-40.5407 34.9774 99.1601
-41.7274 25.7845 89.7475
-41.6668 23.9337 88.4154
-41.976 8.86131 94.8315
-41.8624 29.3261 93.1495
-41.9277 -5.81691 102.19
-41.9211 -13.2639 100.726
-41.9423 -23.4568 98.8065
-42.1941 -28.1918 97.7083
-42.5967 -30.4877 96.4101
-42.9992 -32.8754 94.8658
-42.4541 3.33162 98.9622
-42.5732 -8.30154 101.78
-42.4493 -15.6779 99.9959
-44.4989 -38.9037 88.6805
-42.233 37.58 100.319
-42.8889 1.30221 99.7886
-42.8467 -2.28101 101.467
-42.9825 -19.6631 99.0441
-44.0118 7.74179 94.6153
-43.7112 -24.0379 97.3126
-43.9344 29.5458 91.8476
-44.02 -13.8629 99.7966
-44.4614 -25.4994 95.7752
-44.2291 31.2176 93.7076
-44.6416 -9.92718 100.402
-44.6879 -20.7899 97.1162
-45.0996 -18.4479 97.4474
-45.421 0.218686 98.9888
-45.6665 -11.3525 99.1082
-45.5877 -13.563 98.5849
-46.8788 10.5677 89.2099
-46.1631 -8.66417 99.373
-46.6229 2.24561 96.7656
-46.7488 -18.9622 95.0619
-47.4946 6.66342 92.6196
-47.0537 0.197536 97.5171
-47.0441 -4.52425 98.5751
-47.3234 -11.8748 96.9958
-47.7098 -7.15987 97.6944
-48.2405 2.27414 95.0919
-49.3993 8.00174 89.3236
-49.1203 6.23742 91.2688
-48.6107 0.244956 95.6452
-48.9027 -12.0133 94.7536
-48.7625 -14.245 94.1832
-49.0439 -4.69515 95.7925
-49.3545 -9.67775 94.7365
-50.0627 3.92586 91.841
-49.8221 1.79031 93.3696
-50.4306 -20.0096 88.549
-50.8058 5.69134 89.4808
-50.3791 -14.9395 91.2706
-50.6834 -5.28324 93.0893
-50.7629 -7.73894 92.7774
-50.9209 -10.2093 92.2548
-51.619 2.97553 90.0942
-52.288 -18.6941 85.9139
-52.2889 -2.16987 90.6847
-53.4581 -8.22625 88.0501
-53.5902 -11.214 87.102
