-50.2981 7.84949 85.1978
-51.6517 4.18554 85.3634
-46.9527 14.7769 84.6256
-53.4944 -9.32547 86.089
-44.4502 19.3129 84.6294
-46.5634 12.2981 86.7723
-47.7792 9.3201 87.1985
-48.6104 7.01952 87.8126
-49.4491 4.64349 88.1432
-50.2974 2.10401 88.2267
-44.382 17.001 85.9743
-45.3042 13.9724 86.8077
-50.2284 -0.0656267 89.4329
-50.9404 -2.7177 89.6066
-52.4289 -12.9194 87.2542
-52.5042 -16.285 85.738
-46.5738 8.61254 89.0059
-47.4132 6.32537 89.6837
-48.2196 3.91778 90.124
-50.9174 -5.0635 90.238
-51.4168 -7.99594 89.5141
-43.7728 15.2745 87.6205
-48.2739 1.83505 91.0559
-51.2236 -19.8397 86.7618
-42.2107 19.1775 86.5949
-42.7178 17.2564 87.5084
-43.7356 13.4797 88.6721
-45.3792 7.93748 90.8561
-46.1576 5.58047 91.6713
-48.9194 -3.0149 92.5909
-49.4982 -5.29606 92.555
-49.9651 -8.11541 92.1217
-50.646 -13.8703 90.4431
-50.7787 -16.4811 89.3145
-50.6328 -23.1612 85.9878
-43.8354 24.5131 87.4477
-46.0332 3.71451 92.8566
-46.8345 1.07326 93.2873
-47.5642 -1.04858 93.4571
-49.8022 -11.0573 92.5492
-49.868 -26.5273 85.9508
-42.1749 22.7455 87.3529
-40.7866 20.8553 87.1885
-42.1686 15.5227 89.1738
-42.8507 12.1916 89.9963
-43.3853 9.7153 91.3204
-47.4331 -3.0989 94.6067
-47.9494 -5.30729 94.7531
-48.4653 -7.52943 94.4889
-49.3729 -13.3034 92.9957
-49.4383 -16.0768 91.9645
-49.5134 -18.1521 90.7823
-44.2207 26.3376 89.2527
-40.9976 19.0305 88.3981
-43.9507 5.55875 94.0622
-44.3891 3.55 94.7731
-45.8717 -1.08733 95.6143
-48.3011 -9.83446 95.051
-48.8253 -23.717 89.1917
-41.9528 23.8702 88.7347
-41.2976 14.242 90.4292
-42.2992 8.48845 93.0443
-45.7419 -3.24461 97.0925
-46.301 -5.45204 97.1071
-47.8133 -12.0431 95.5502
-47.9721 -14.2537 94.8576
-48.1492 -18.394 92.8484
-48.2659 -20.4183 91.799
-48.2661 -26.3905 88.9027
-48.4969 -29.4396 86.5408
-40.6642 17.0631 90.369
-40.9438 12.1159 91.4714
-41.2196 10.2042 92.5784
-42.0964 6.52411 94.9249
-42.9943 2.90513 96.5216
-44.3196 -1.1943 97.4458
-46.6755 -9.99511 97.1801
-47.5497 -24.6565 91.0261
-41.9256 25.3659 89.8891
-43.7872 -2.65443 98.9963
-44.4516 -4.90164 99.2756
-45.1669 -7.08547 98.9979
-46.3153 -12.2897 97.4854
-46.5303 -14.4482 96.7519
-46.7032 -16.5474 95.7216
-46.9366 -20.0332 93.9174
-47.3349 -28.5713 89.2387
-47.5511 -32.2739 86.7205
-40.1617 23.2383 89.5157
-39.8193 15.6339 91.9577
-39.6999 13.5488 91.9162
-39.6145 11.5586 92.8443
-40.1479 7.7816 95.0081
-40.5495 5.96474 96.4217
-40.9547 4.13296 97.4988
-41.4574 2.11114 98.1749
-44.9607 -9.43385 99.3205
-46.251 -22.2959 93.9422
-46.2848 -24.4029 93.2059
-46.4842 -26.9478 91.5579
-41.9822 26.868 91.0997
-38.7044 22.6503 88.3795
-42.2192 -3.59619 101.082
-43.696 -8.03873 100.711
-45.0367 -16.1226 98.3581
-45.3109 -18.26 97.0435
-45.4582 -20.3651 95.9155
-46.0886 -29.0528 91.0732
-46.3008 -30.9117 89.5656
-40.5068 25.8827 91.578
-38.91 18.0929 91.5166
-38.318 12.9975 93.1005
-38.7537 7.04872 96.5502
-39.4924 3.31884 98.904
-44.7343 -22.6863 96.088
-44.9111 -24.7489 95.0823
-45.1139 -26.7563 93.7866
-39.5532 24.419 91.9311
-39.3615 -0.121027 101.177
-40.0496 -2.24118 102.26
-40.6468 -4.524 102.872
-41.4222 -6.77979 102.924
-42.1061 -8.96597 102.561
-42.8715 -12.7278 101.445
-43.1473 -14.9695 100.851
-43.4509 -17.169 100.006
-44.7476 -28.8872 93.0819
-45.3545 -33.246 89.3798
-42.9389 31.4206 92.4257
-40.475 27.6031 92.6177
-38.1765 23.5006 90.5495
-37.715 16.7983 93.9416
-37.1539 6.38791 97.9475
-37.8915 2.47921 100.258
-43.3669 -25.8608 96.8488
-43.7179 -27.822 95.2018
-45.1499 -37.4637 87.2365
-39.098 26.6407 92.9702
-36.9921 19.9239 90.8111
-36.2013 10.834 95.2295
-36.1297 8.18869 96.7129
-38.4163 -3.18 103.906
-40.4165 -9.99928 104.132
-40.942 -12.9932 103.26
-41.2614 -15.2368 102.632
-41.6372 -17.4962 101.813
-41.9699 -19.6293 100.645
-43.3035 -30.0679 94.5813
-44.3539 -35.5684 89.5081
-40.7541 30.0935 94.2386
-39.6951 28.633 93.9893
-38.1015 25.6638 93.9928
-37.2928 24.4057 93.041
-37.2502 24.3132 92.8179
-36.6141 23.0039 91.5015
-36.1956 18.598 92.6934
-35.7513 3.754 100.51
-39.6539 -11.6543 104.449
-41.3304 -24.0788 99.8098
-42.0227 -28.3567 97.3602
-41.6299 33.1484 94.3406
-35.8951 21.2112 92.526
-35.5148 16.8954 95.3324
-35.2235 14.259 96.2565
-34.8263 12.1385 95.4151
-34.499 10.1127 96.158
-34.4413 7.46794 97.8477
-35.0669 2.2507 101.86
-35.5074 0.225867 103.027
-36.695 -4.21139 105.375
-38.0402 -8.74179 105.606
-38.9736 -13.2752 104.797
-39.2908 -15.5217 104.008
-39.6392 -17.7143 103.023
-39.9555 -19.8513 102.147
-40.2824 -22.0178 101.113
-41.6981 -30.5951 96.5601
-42.1672 -32.5376 94.6893
-42.6751 -34.3668 92.6292
-43.062 -36.7532 90.7798
-43.5211 -40.8206 87.6365
-36.2863 25.2564 94.3735
-35.2308 24.3996 92.7108
-33.842 4.26225 100.998
-37.4557 -10.3341 105.983
-40.3713 -28.0013 99.2378
-40.8176 35.0197 95.5958
-39.7186 32.3364 95.314
-38.6922 30.4793 95.4777
-34.4592 22.6701 94.0257
-34.2534 20.6842 94.6892
-34.0535 18.4652 94.1364
-33.8579 15.7752 96.9764
-33.3692 13.4385 96.869
-32.7387 9.36784 97.2772
-33.1148 2.81495 102.098
-33.5588 0.74147 103.523
-34.0133 -1.33744 104.944
-34.5523 -3.65918 106.093
-35.1595 -5.87404 106.717
-35.7847 -8.22513 106.771
-36.6317 -12.0249 106.255
-37.0042 -14.3681 105.683
-37.2784 -16.4839 104.792
-37.662 -18.6477 103.733
-38.0519 -20.7406 102.807
-38.5506 -22.9138 101.757
-40.004 -31.0685 98.3323
-40.9163 -34.4183 95.4899
-41.7902 -38.5656 91.8324
-37.0898 29.388 95.6177
-35.2647 26.5496 95.9323
-33.2979 17.283 95.7428
-31.8408 6.16812 100.206
-35.1544 -9.7575 107.023
-37.9358 -24.3454 100.948
-38.33 -25.9545 100.207
-38.6285 -27.4789 99.5496
-41.375 -40.6228 90.9424
-38.8046 34.1058 96.5389
-32.9774 24.6221 94.3974
-32.6033 22.3053 95.4243
-32.376 20.1872 95.5883
-31.5006 13.3219 97.7464
-31.2085 11.304 97.0716
-30.9195 4.66769 101.838
-31.2179 2.6045 102.975
-31.6224 0.562957 104.456
-32.0995 -1.52143 105.708
-32.5013 -3.83218 106.973
-33.0491 -6.07728 107.439
-34.6285 -13.8378 106.597
-35.0108 -15.9938 105.786
-35.2361 -17.4317 104.775
-35.602 -18.7924 103.912
-36.4907 -22.2547 102.104
-37.9641 -28.9486 99.2494
-38.2502 -30.5343 98.7862
-39.3174 -35.56 96.6605
-39.8425 -37.2365 94.8514
-40.2706 -39.0331 93.2949
-40.9826 -44.4148 88.5972
-34.7598 28.6209 96.5878
-32.8548 26.0833 96.0219
-29.9664 7.99862 99.3894
-32.7158 -10.1155 107.711
-35.9126 -23.7283 101.58
-36.4074 -25.9298 100.459
-36.7567 -27.4859 99.6327
-39.8275 -41.0299 92.7574
-36.7171 33.2125 97.2332
-30.685 22.4526 96.4908
-30.3983 20.1396 97.1711
-30.3799 17.1789 96.6318
-29.5592 13.2658 98.3907
-28.9648 4.52386 102.684
-29.2469 2.39296 104.088
-29.6556 0.321133 105.47
-30.0368 -1.78125 106.693
-30.3717 -4.04366 107.62
-30.8288 -6.27413 107.916
-31.8692 -11.818 107.723
-32.0603 -13.3106 107.14
-32.9861 -16.8149 105.002
-36.4562 -31.4982 98.7877
-36.7631 -33.1055 98.6923
-37.2664 -35.317 98.2496
-38.4986 -38.8576 95.262
-39.2509 -43.1189 91.6721
-34.6282 31.3298 97.6182
-33.4188 29.392 97.6052
-32.3573 27.7953 97.5047
-31.1449 26.5755 96.7083
-33.1246 -21.6899 103.144
-33.7465 -23.8751 101.941
-34.1016 -26.067 100.961
-34.3397 -27.7228 100.502
-39.0252 -47.2227 88.7532
-29.0824 24.698 95.6089
-28.5642 21.7196 97.5413
-27.5951 13.3343 98.5782
-27.0457 7.22024 101.331
-27.0097 5.06267 103.242
-27.2112 2.9425 104.767
-27.4719 0.797291 106.135
-27.7671 -1.31459 107.312
-28.0874 -3.52488 108.149
-28.3189 -5.77271 108.57
-29.3174 -11.1437 107.725
-29.6103 -12.6267 107.085
-29.9552 -13.9879 106.137
-30.4474 -16.1207 105.213
-31.7043 -20.4127 103.978
-32.3774 -23.2579 102.804
-32.6847 -25.5268 101.977
-35.5704 -35.6052 98.676
-36.1466 -37.5444 98.2785
-36.6621 -39.3076 96.769
-37.292 -42.9168 93.7079
-33.542 32.626 98.227
-32.4912 30.8695 98.479
-31.2291 29.0563 98.5823
-27.8676 23.4515 96.0174
-26.5112 11.9442 98.2505
-27.6872 -8.98519 108.435
-29.5912 -17.6026 105.231
-30.288 -19.8039 104.79
-30.8065 -22.0216 103.883
-32.8264 -31.3106 100.746
-36.0844 -41.277 96.4142
-36.8349 -45.063 93.022
-37.1108 -47.0691 91.2804
-34.0016 36.0779 99.463
-26.6718 22.1019 96.0526
-26.4758 19.9543 95.5921
-26.2223 18.0177 96.1951
-26.0007 15.8006 97.8071
-25.7218 14.1659 98.5847
-25.1287 4.94807 104.189
-25.2808 2.74865 105.899
-25.4374 0.57965 107.151
-25.6372 -1.55587 108.18
-25.8364 -3.85603 108.842
-25.9849 -6.09137 108.958
-26.21 -8.32948 108.676
-26.6316 -10.5428 107.601
-28.733 -19.2073 105.423
-29.3644 -21.5254 104.825
-29.818 -23.6718 103.963
-30.7177 -30.1484 102.822
-31.9527 -33.2167 100.659
-32.9935 -34.4988 99.5079
-33.8478 -36.5357 98.8106
-34.8005 -40.2495 97.49
-35.4656 -43.2837 95.2275
-30.5033 31.0319 99.3016
-24.5566 12.5319 98.4808
-24.982 -9.10181 107.969
-25.6081 -11.9737 107.062
-26.087 -14.1473 106.837
-27.1998 -18.7093 106.418
-27.818 -21.0569 105.615
-28.4082 -23.2587 104.853
-29.1016 -29.6547 103.823
-33.3938 -39.7954 98.543
-34.1561 -42.2062 97.2012
-34.9338 -45.5016 94.5081
-35.2653 -47.6874 92.7486
-27.8412 28.4747 98.6338
-26.2474 26.8424 96.8157
-24.3748 20.7485 96.6159
-24.0962 18.8659 95.7122
-24.0177 16.8466 97.3882
-23.8482 15.1144 98.1942
-23.3473 11.27 99.3707
-23.2018 5.55802 104.744
-23.2768 3.38185 106.342
-23.3933 1.10619 107.642
-23.4292 -1.14195 108.544
-23.5377 -5.62667 109.265
-23.6339 -7.74585 108.463
-23.8319 -10.6742 107.792
-24.4459 -13.5164 107.847
-25.057 -15.6967 107.568
-25.6447 -18.0983 107.169
-27.5458 -26.7221 105.25
-31.4087 -36.2755 100.394
-31.9751 -38.0332 99.6226
-32.8196 -41.7881 98.3351
-33.4861 -44.2902 96.5482
-35.0186 -51.9016 90.4871
-30.1343 33.7465 99.8389
-29.0584 31.8432 99.9062
-22.6043 13.4981 98.7074
-22.6808 -12.0963 108.589
-23.4243 -15.1144 108.69
-24.8524 -19.98 107.563
-25.5435 -22.3475 106.587
-26.087 -25.4955 106.839
-26.5042 -28.6 104.465
-26.5859 -30.196 103.711
-26.7556 -32.4203 103.111
-32.0588 -43.768 98.0728
-32.9588 -46.3673 95.3557
-33.4148 -48.0696 94.2815
-33.6617 -49.7283 93.1704
-27.1845 30.6402 99.7912
-24.1981 26.3057 95.7658
-22.6459 22.8853 95.7165
-22.4472 20.3917 95.4963
-22.1772 18.0819 96.4251
-21.4514 12.0297 99.5041
-21.1418 8.39809 103.517
-21.2974 4.00803 106.869
-21.3077 1.71281 108.203
-21.2476 -2.94243 109.813
-21.0965 -7.26471 108.577
-21.3444 -12.8918 109.656
-22.7162 -16.8633 108.567
-23.166 -18.5308 108.347
-24.592 -23.5253 107.5
-25.2425 -27.3235 106.516
-29.0408 -36.2983 101.725
-29.5084 -38.2177 101.467
-32.7997 -51.8474 93.3929
-27.9586 33.698 100.311
-25.3227 29.3479 99.2837
-24.3034 27.747 97.4722
-20.9131 14.432 98.3798
-19.6384 -8.7518 109.061
-21.1702 -16.1806 109.528
-22.6367 -20.2853 108.074
-24.3101 -29.2811 105.818
-24.2057 -31.0483 104.985
-28.6441 -39.8125 101.419
-29.9421 -45.2346 98.9305
-31.5656 -50.2484 95.0526
-32.1657 -54.0083 92.7911
-26.711 34.9047 100.975
-26.0701 32.8872 100.853
-20.3843 17.3818 96.9885
-19.1912 8.41252 104.985
-19.3176 1.61703 109.294
-19.2195 -0.86689 110.279
-18.377 -10.24 110.048
-20.7052 -18.0111 109.332
-21.3403 -19.6469 108.746
-22.7974 -26.447 109.151
-26.946 -36.0912 101.778
-27.4531 -40.879 101.764
-30.7809 -52.4804 94.9746
-25.4421 35.9693 102.217
-24.2337 31.6568 100.397
-22.9465 29.1418 98.9068
-17.1702 -7.02115 110.026
-17.1251 -11.8403 110.937
-17.5418 -14.7341 111.464
-18.6204 -16.5067 111.039
-20.8406 -21.3999 109.142
-21.4816 -25.0738 110.563
-22.1192 -30.0839 107.165
-27.277 -44.4979 101.327
-29.1142 -49.8887 97.2896
-29.5212 -51.8262 96.2897
-21.0207 26.6718 96.2261
-17.2736 7.7623 107.193
-17.3672 3.1381 109.609
-17.3201 0.65299 110.713
-18.6106 -18.3415 110.454
-19.2941 -19.9379 109.971
-20.7539 -26.9667 110.185
-21.0426 -28.5048 108.347
-25.2859 -37.0912 101.627
-25.2339 -40.9466 102.88
-25.6382 -42.6915 102.391
-22.5568 33.5498 101.516
-21.1212 30.2682 100.04
-18.5759 18.5347 96.7672
-17.6701 16.379 97.9869
-16.4583 10.149 104.891
-16.0692 -13.2196 112.293
-15.901 -15.8509 112.06
-17.325 -17.7429 111.256
-18.8239 -21.8477 110.903
-19.0769 -24.7617 112.138
-19.4873 -26.4354 111.623
-20.3198 -30.2955 108.179
-24.0409 -39.6789 103.367
-25.4013 -46.4338 102.243
-26.7276 -50.635 99.6322
-27.3968 -52.6451 98.1072
-19.3925 27.5386 97.4312
-18.8398 25.9051 95.595
-16.1915 14.6043 99.5514
-15.7538 13.0676 101.667
-15.5 5.52431 109.828
-15.4992 3.13476 110.956
-18.749 -28.1571 110.014
-22.9843 -35.7655 101.196
-23.548 -43.3306 103.805
-24.7015 -48.7656 102.421
-20.0613 35.7562 103.532
-18.8999 30.5232 101.116
-16.7913 23.0799 94.4501
-16.4509 20.117 94.5515
-14.8193 11.8822 104.504
-14.8821 -17.2648 112.295
-16.6216 -21.2423 112.114
-16.8963 -23.0821 113.008
-16.9953 -25.2287 113.762
-22.3125 -39.7608 103.808
-23.303 -47.8384 103.699
-23.6414 -50.308 103.073
-24.6478 -52.6359 101.348
-25.3577 -54.9083 99.9387
-25.9814 -57.0638 97.8731
-18.4508 34.6749 103.333
-17.5159 27.5087 98.0736
-14.7843 16.2251 99.3749
-13.7885 8.16606 109.783
-13.8055 5.73582 111.275
-13.6558 0.6106 113.794
-16.2301 -10.1268 114.902
-14.8394 -18.9788 112.199
-16.599 33.4993 103.641
-16.3753 30.2518 101.97
-16.4292 28.6119 100.276
-13.2555 13.6585 103.964
-13.1377 11.4626 107.002
-12.769 -1.17438 115.573
-13.08 -16.8043 113.171
-14.4198 -20.7629 113.034
-14.6986 -22.4856 114.043
-14.7556 -24.3775 114.916
-14.9337 -26.6267 114.838
-19.4811 -34.0566 101.231
-20.951 -49.4042 105.371
-21.8142 -52.4504 104.326
-22.643 -55.1331 103.019
-15.5171 26.7965 98.516
-15.3353 19.6419 97.0691
-14.1161 18.1555 98.658
-12.2748 5.19229 113.353
-12.2898 2.57373 114.724
-14.3098 -14.4673 115.613
-20.3532 -51.635 105.596
-13.7889 33.4551 104.266
-13.9304 31.7697 103.402
-14.0858 30.0065 102.903
-12.796 17.6705 100.348
-11.5957 13.2952 106.481
-11.4992 0.831299 116.732
-12.3576 -20.3494 113.855
-12.9072 -24.2282 114.821
-12.8317 -26.2381 116.333
-13.5057 -27.8547 115.144
-15.1834 -32.9924 106.948
-18.3444 -42.4187 106.889
-18.629 -47.5424 108.573
-19.5267 -53.7523 105.846
-20.1473 -56.5078 104.7
-10.6204 10.4203 111.549
-10.8043 5.54718 115.331
-13.2539 -7.49021 121.154
-11.7564 -16.6631 114.961
-11.2209 -19.0372 114.342
-17.4066 -45.9356 110.149
-17.8256 -50.0046 108.302
-18.5988 -55.9011 106.01
-19.2158 -58.3125 104.703
-12.1464 33.1294 105.271
-12.1037 28.9744 103.922
-12.4745 26.943 102.081
-13.369 22.2432 97.8113
-11.3397 18.537 101.906
-10.1952 16.2587 105.542
-10.1377 3.95411 117.392
-10.1182 1.10985 118.786
-10.6734 -20.6485 114.606
-11.031 -22.58 114.534
-16.3468 -43.8128 109.303
-16.6359 -47.8135 111.028
-17.0779 -55.1173 107.317
-17.6508 -57.7604 106.066
-18.2908 -60.1265 104.585
-11.1063 31.6752 106.025
-11.9728 24.8631 100.355
-10.0182 18.2455 103.975
-9.17255 15.2035 108.428
-9.2531 10.2099 114.11
-9.40365 7.78354 115.873
-9.42535 -0.782755 121.431
-9.91984 -3.9774 123.352
-10.1834 -16.7259 115.959
-14.6908 -39.9753 107.031
-15.6972 -50.2302 110.836
-16.1963 -57.0763 107.285
-16.6318 -59.5947 105.963
-17.2627 -61.9583 104.503
-10.3029 34.1654 107.341
-10.1609 30.1829 106.61
-10.2076 28.4402 105.475
-10.7842 24.9475 102.361
-10.8919 22.531 101.368
-8.39298 14.157 111.137
-8.73512 4.45861 119.24
-8.7731 -20.3222 115.75
-8.97991 -22.2847 115.692
-9.25618 -24.1318 115.848
-9.2285 -25.7577 117.273
-9.50283 -27.5916 117.905
-14.338 -47.5088 113.107
-14.4974 -55.0241 108.974
-15.0914 -58.8993 107.304
-15.5458 -61.4039 105.994
-9.2243 34.9393 109.23
-9.08743 32.534 108.229
-9.60914 21.5188 103.39
-8.7669 19.5454 105.602
-8.06358 18.0905 107.853
-7.84465 12.464 114.077
-7.93145 10.101 116.5
-8.37404 -1.52698 124.718
-10.3979 -7.0036 125.697
-8.36257 -16.8121 116.698
-7.94711 -19.3001 116.737
-8.02349 -26.752 118.771
-13.3654 -51.8932 111.854
-13.2835 -56.8629 109.065
-13.8137 -60.8162 107.222
-14.386 -63.1609 105.977
-8.29674 37.0029 111.091
-8.16048 30.8379 108.804
-8.12592 28.5621 108.139
-8.65829 24.6618 105.497
-7.09348 17.283 110.769
-7.25075 8.83969 118.594
-7.24034 6.07477 120.402
-7.56621 1.02734 123.707
-6.9766 -22.4799 116.455
-7.85266 -28.4959 118.205
-8.76025 -32.907 114.632
-11.1617 -43.4757 111.984
-11.856 -58.6459 109.029
-6.99863 31.9825 110.302
-7.64458 22.4453 106.82
-7.10958 20.54 108.294
-6.3535 16.006 113.527
-6.55388 4.5495 122.445
-9.0541 -6.98287 128.018
-6.45024 -19.1104 117.792
-6.15713 -25.1099 118.114
-6.19669 -26.8829 119.744
-10.3588 -57.8932 109.918
-10.5048 -60.4036 108.543
-5.61392 37.1031 113.387
-5.87453 33.3415 111.597
-5.78211 30.7916 111.148
-6.12096 20.1049 110.478
-5.73095 11.5005 118.585
-5.70649 8.87132 120.713
-5.72861 6.91536 121.96
-5.86553 2.75988 124.78
-7.41182 -4.26697 128.746
-8.37713 -8.52429 130.051
-2.88297 -6.16174 115.777
-5.41932 -20.6158 117.456
-5.15426 -22.2647 116.917
-8.58826 -44.4196 113.09
-9.20218 -49.0055 115.948
-9.46288 -52.494 113.705
-8.88044 -57.1052 110.674
-8.95416 -59.4423 109.236
-9.11038 -61.996 107.635
-4.73077 35.4761 113.415
-4.80557 32.006 112.32
-5.60591 22.976 110.542
-5.05271 19.5591 112.781
-4.80675 16.9363 115.361
-4.85396 5.36657 124.175
-6.7595 -5.57258 130.812
-6.60518 -13.3446 130.599
-6.36465 -14.0431 129.913
-4.37194 -26.3637 119.775
-4.56505 -28.0948 119.878
-5.13258 -33.1196 115.545
-7.5733 -48.2249 116.042
-7.67387 -50.8435 116.292
-7.5187 -55.3309 111.728
-7.35731 -58.5461 109.628
-7.48826 -60.9804 107.802
-7.97778 -63.657 107.067
-3.82725 37.0482 114.153
-3.83851 33.4055 113.251
-3.88032 30.2224 112.539
-4.19905 27.0167 112.096
-4.53603 24.9179 112.01
-3.96036 11.689 120.737
-3.93869 7.90671 123.484
-4.37921 1.29473 127.946
-6.36189 -10.1496 133.577
-4.18539 -15.799 124.538
-3.83075 -19.9193 119.199
-3.43978 -21.5218 117.739
-3.35005 -25.0097 118.017
-5.64392 -43.9314 112.992
-5.94737 -47.3313 115.548
-6.08517 -49.9668 116.295
-6.22454 -53.4606 113.468
-5.91644 -56.5539 110.654
-5.85953 -58.6536 108.581
-6.78064 -65.236 106.704
-2.65004 35.6075 114.317
-3.27143 23.851 113.235
-3.22577 22.1069 113.985
-2.93305 20.1657 115.268
-2.76917 18.1788 116.754
-2.72539 16.389 118.225
-2.72984 7.12724 125.325
-3.36302 0.360064 129.78
-4.28008 -5.42648 133.846
-4.4567 -11.9439 134.892
-2.22816 -26.7003 120.292
-2.78444 -29.9746 118.383
-4.27852 -46.3127 114.617
-4.33178 -48.7658 116.001
-4.51322 -54.8445 112.287
-4.39936 -62.7893 107.485
-4.82233 -65.4447 107.505
-1.65554 37.3004 114.369
-1.65033 34.1898 114.13
-1.56981 30.5409 113.293
-1.8286 28.8159 112.933
-1.89714 27.208 113.187
-1.94352 25.267 113.699
-1.52643 13.8292 121.267
-1.53249 9.43215 124.462
-1.62588 5.29481 127.363
-1.7828 3.00595 129.087
-2.25804 -0.580587 131.412
-2.64878 -3.50595 133.567
-3.14628 -7.00279 135.945
-2.7706 -13.8847 134.391
-2.69677 -15.9063 129.603
-1.8035 -18.7699 121.007
-1.23455 -23.865 117.434
-1.01753 -27.9114 120.673
-2.50848 -44.5753 113.605
-2.58625 -47.7522 115.542
-2.617 -50.3188 115.912
-2.76407 -55.8504 110.977
-2.57322 -58.7764 107.898
-2.72462 -64.3053 108.119
-0.540864 35.8298 114.301
-0.48038 32.993 113.826
-0.21994 17.9792 118.077
-0.571574 -2.04695 133.257
-0.827998 -5.24619 135.314
-0.944242 -8.80033 136.848
-0.133378 -21.7396 118.38
-0.337591 -29.5214 119.01
-0.506683 -33.0855 115.056
-1.00594 -49.0132 115.594
-0.896903 -51.8445 116.103
-0.939206 -54.1084 113.949
-0.755644 -64.3389 108.215
0.596662 34.4892 114.036
0.524309 31.7608 113.785
0.818562 28.4155 112.97
1.09321 16.8544 118.923
1.13182 14.7301 120.615
1.20771 -5.21294 135.148
1.2531 -6.92079 136.171
1.30443 -8.79876 136.955
1.23101 -14.2145 135.128
0.686388 -18.5437 122.736
0.742326 -19.8042 120.476
1.07936 -26.9224 120.494
0.660352 -31.0022 118.195
0.902421 -53.1394 115.385
1.57291 36.0188 114.062
1.71504 33.1708 113.541
2.24416 25.681 112.478
2.27764 24.1512 113.305
2.26638 19.2715 116.084
2.46053 7.57328 124.913
2.58626 2.1363 128.392
2.88333 -1.90664 131.546
3.19308 -5.1345 133.877
3.50168 -8.6317 135.647
3.5104 -12.3531 136.133
3.21233 -13.9848 134.307
1.97343 -20.8125 119.222
2.49096 -49.0997 115.727
2.659 -51.773 115.656
2.66996 -54.1559 113.539
2.5213 -55.7679 109.981
2.64524 -58.6175 107.501
2.55316 37.8103 113.815
2.72331 34.6844 113.636
2.96708 31.9911 113.107
3.0604 30.2353 112.577
3.50949 17.4878 116.854
3.59391 13.9487 119.506
3.63202 12.3052 120.769
3.64056 10.5136 121.905
3.66488 8.5847 123.218
3.98 3.2148 126.826
4.59536 -1.88974 130.389
5.14557 -5.0913 132.478
2.93711 -21.7237 118.071
3.71912 -44.8382 114.196
4.15234 -47.7883 115.64
4.50338 -50.3662 115.727
4.56891 -53.0095 114.831
4.38702 -54.9382 111.548
4.74359 -62.8678 108.044
5.06684 -65.261 107.225
3.74964 36.2708 113.406
3.90285 33.3303 113.019
4.8205 25.6077 111.154
4.56897 21.0165 112.554
6.24158 -3.47359 130.178
6.91463 -6.72534 131.797
7.10602 -9.96039 132.463
4.14782 -20.007 119.013
3.99587 -24.324 117.798
6.21736 -48.7867 115.686
6.2999 -53.834 113.265
6.11225 -55.5617 110.172
6.4953 -61.1943 107.99
6.60878 -63.9232 107.155
4.87655 37.8755 113.437
4.81295 34.8668 112.66
5.11348 32.1638 111.94
5.27607 30.3718 111.295
5.52038 28.6334 110.399
5.80877 22.3973 110.131
5.64964 17.0762 114.634
5.80401 13.4479 117.627
5.8243 10.8836 119.306
5.85669 9.037 120.509
5.96265 7.04986 121.95
8.45176 -8.23176 130.756
4.91481 -20.9916 117.667
7.67098 -47.3011 114.639
7.96672 -49.7383 115.023
8.08944 -52.3816 114.302
7.96208 -59.7018 107.648
8.23897 -62.4011 107.455
8.4739 -65.142 106.642
6.89189 24.4679 108.063
6.38633 20.0136 110.248
6.60572 14.6242 115.15
8.02318 -0.98883 125.516
9.32826 -6.62376 128.51
7.09651 -14.761 125.574
6.08061 -15.8202 116.962
6.03427 -19.5772 117.641
5.91079 -23.9297 117.203
6.56584 -28.8063 118.535
9.46707 -48.0529 114.379
9.60312 -50.4123 113.576
9.53499 -57.138 108.648
9.86006 -62.0104 106.268
10.2173 -64.8887 106.011
6.87046 37.9459 112.767
6.75912 35.6925 111.371
6.72278 33.5572 110.106
7.0761 31.6278 109.474
7.17728 29.8779 108.722
7.78631 26.3038 106.88
7.38043 21.368 107.273
7.52783 11.8289 115.854
7.56689 9.19303 117.742
7.62267 7.30861 118.975
7.76837 5.31624 120.296
8.07408 3.26312 121.684
6.63809 -21.0932 116.337
7.31733 -25.5172 117.898
7.73824 -29.366 117.187
11.3475 -53.6443 111.073
11.1169 -55.735 108.902
11.2864 -60.4766 106.492
8.68419 24.9772 105.022
7.82813 17.0686 109.931
8.20849 13.0052 113.718
11.0973 -6.48739 125.176
7.81169 -19.0363 116.692
7.91141 -24.0225 116.385
8.63132 -27.4375 117.881
11.6267 -44.0039 111.624
12.4041 -46.9347 112.069
12.7046 -49.2237 111.718
12.9014 -51.8046 111.582
12.6808 -54.2169 108.736
13.1759 -61.3109 105.398
8.82788 38.1152 110.299
8.82485 36.3739 109.572
8.85577 32.3033 107.414
9.06235 30.5502 106.744
9.2819 28.5111 105.903
8.62407 19.801 105.44
8.68717 14.7494 110.783
9.02577 10.152 114.623
8.91726 -6.19059 114.124
8.55288 -20.16 115.452
9.74359 -28.4051 116.74
14.0175 -47.4473 110.837
14.2909 -52.4657 109.624
14.1343 -54.7461 107.13
14.0901 -56.9887 105.661
14.5005 -59.5721 104.98
10.274 27.7755 104.308
10.4242 25.6966 102.816
10.4168 22.4476 101.981
9.525 12.189 111.748
10.7352 -0.745364 120.02
13.1494 -8.7945 123.336
9.84098 -14.7761 115.571
10.9177 -29.2112 115.586
14.0581 -42.1633 109.054
14.384 -42.9432 109.221
15.1697 -45.7535 109.621
15.3991 -47.865 109.342
15.5718 -50.3046 109.544
15.5611 -53.0031 107.563
15.49 -55.2543 105.694
15.6493 -57.6602 104.565
16.0707 -60.2878 104.056
16.5913 -62.8013 103.417
10.6901 35.3133 107.457
10.6835 33.3461 105.925
10.7516 31.5477 104.919
11.4523 24.7578 101.094
10.2597 19.2413 103.145
9.75718 17.6659 105.217
9.70103 15.8612 107.07
10.4642 8.55104 113.593
10.6134 5.87154 115.457
10.8223 3.06605 116.837
12.1542 -4.0205 119.89
10.2534 -18.23 114.899
10.2114 -20.3045 114.693
10.7776 -24.5363 115.447
11.0579 -26.3233 116.094
16.8882 -50.8794 107.726
16.7938 -53.4264 105.728
16.9024 -55.7953 104.347
17.1667 -58.3795 103.709
17.5903 -60.9952 103.05
12.0515 28.298 102.828
12.1792 26.842 101.641
12.724 23.6278 98.9474
12.4508 21.4979 99.3933
10.5318 13.6121 108.045
11.6821 -0.0467605 117.291
11.3077 -21.4402 114.135
11.611 -23.2167 114.42
12.5401 -27.4541 115.728
17.8698 -46.5536 107.032
18.0469 -51.4962 105.866
17.9845 -53.9994 104.042
18.344 -56.5119 103.19
18.7335 -59.1149 102.615
19.1774 -61.6578 101.581
12.3569 33.4188 104.669
12.7888 30.2615 103.018
13.2406 25.8468 99.8491
13.7788 20.1183 98.0658
12.4638 19.3669 100.381
11.3104 17.1714 103.562
11.4506 11.1434 109.212
11.9677 6.22519 113.091
14.2928 -5.84803 118.374
13.902 -13.8392 115.836
11.988 -19.172 113.284
18.7927 -43.9283 105.589
19.1638 -49.2463 105.545
19.3361 -54.6274 102.762
19.8689 -57.2666 102.2
20.286 -59.7393 101.21
14.3831 23.1393 96.8255
11.9092 15.0374 104.286
12.5019 7.70241 111.108
13.5883 -23.2703 113.258
15.6565 -30.5308 112.037
16.1324 -33.1259 108.665
19.6814 -39.1287 103.038
20.0104 -45.2695 104.727
20.7559 -55.3738 101.479
21.3213 -57.8669 100.806
21.7192 -60.3521 99.6415
14.9595 36.5713 105.233
13.9326 34.0589 103.501
14.6493 30.5724 101.973
14.7135 27.973 100.097
14.7616 26.5261 98.6358
13.0717 16.7451 101.495
12.6306 12.8213 105.224
13.0266 9.08709 108.967
13.3827 4.96641 111.716
13.4492 2.35533 112.861
13.489 -17.7347 111.963
14.8337 -25.2889 113.708
15.4974 -27.9286 113.798
21.1833 -47.5179 103.617
21.3199 -50.5546 102.498
21.6403 -53.4408 101.113
22.2512 -56.0533 100.414
22.7244 -58.4407 99.2435
15.4568 33.7494 102.664
14.1889 17.952 98.7285
13.5882 10.4216 106.767
17.4837 -11.3683 114.949
14.5612 -19.2335 111.386
15.2504 -21.459 111.412
15.6125 -23.2515 112.054
17.4939 -29.9013 111.017
18.7397 -33.704 105.5
22.7684 -36.987 99.5687
21.7492 -41.6067 101.884
21.8715 -44.0869 102.653
16.8781 31.3976 101.472
16.692 29.7736 100.321
16.5118 27.9717 98.6655
16.2248 26.5541 97.1989
15.7927 24.9688 95.9308
15.4455 22.7609 94.3359
14.6355 7.12538 108.505
14.865 -17.339 110.748
17.0388 -25.2718 112.157
18.6964 -30.5031 109.37
18.9074 -33.5636 106.105
22.7407 -39.6027 100.091
22.9096 -47.6978 101.678
23.9409 -52.1298 99.6137
24.5674 -54.716 98.7635
18.6971 35.3108 102.95
15.5537 22.7675 94.3588
14.9694 12.9428 102.282
15.0955 10.7807 104.684
15.2591 8.52005 106.772
15.4676 -0.477037 111.357
17.3651 -7.53944 112.756
16.279 -18.8154 110.46
16.832 -20.4626 110.228
17.3689 -22.1962 110.367
17.7785 -24.0866 110.904
18.1712 -27.5442 111.803
23.932 -43.6255 100.607
24.3869 -48.9828 99.7231
25.3926 -52.9211 98.3402
20.2961 36.4099 102.981
20.002 34.2341 101.717
19.2462 30.9838 100.204
18.2781 28.0924 97.5932
17.2427 20.0136 95.1227
16.2242 5.99441 107.712
16.3776 3.64044 108.879
16.3635 1.18323 110.035
19.1513 -26.1197 111.037
20.6515 -30.4259 107.93
22.0465 -33.5343 103.121
24.8523 -35.2239 98.2407
25.8138 -49.9548 98.4438
21.447 35.3038 101.753
17.2763 20.229 95.5006
16.8654 8.9757 105.056
17.7392 -17.5952 109.506
18.441 -19.2579 109.177
19.0697 -20.9793 109.059
19.6561 -22.837 109.376
20.6232 -27.7301 109.931
21.8789 -30.9304 106.492
25.5517 -40.4958 98.7469
27.35 -50.7289 97.155
28.1055 -53.9508 94.7363
28.5899 -56.2018 93.5773
21.8841 31.7926 100.115
21.0633 30.2503 99.2406
20.3473 28.5931 97.772
17.4058 12.323 100.185
18.065 4.28059 107.415
18.0998 2.01388 108.393
18.0913 0.386155 109.202
17.7785 -5.9156 109.036
17.3352 -13.6746 108.332
21.2344 -24.7284 109.327
23.212 -31.2604 104.877
25.0131 -33.787 101.132
26.4043 -38.3379 97.6023
28.7275 -51.2984 95.6194
24.1649 35.2442 101.258
20.7678 26.9708 96.8455
18.5646 15.7841 97.4028
18.5302 9.4299 102.982
18.925 -1.1933 109.439
19.1846 -16.1621 108.794
20.0631 -18.0302 108.55
20.6815 -19.7308 107.884
21.3189 -21.5469 107.873
22.8373 -26.3043 108.809
23.1525 -28.678 106.98
24.5664 -31.5548 103.45
27.2564 -34.8402 97.6914
27.7297 -40.5339 97.8566
28.3965 -44.3687 97.2642
29.1131 -48.0082 96.3756
30.4224 -54.1454 92.3226
25.6001 36.4644 101.422
23.8222 30.8852 99.2766
22.5588 28.8695 98.2649
20.2199 25.1117 95.5241
19.3011 21.7788 96.8535
19.2621 13.9131 98.0275
19.627 7.15698 104.313
19.7839 4.97078 105.72
19.9011 2.7728 107.021
19.9643 0.506374 108.096
23.5956 -24.9993 107.541
24.3718 -28.99 105.419
27.2517 -33.2211 99.6104
28.6802 -36.1717 97.0797
28.6363 -38.0578 97.2305
29.0782 -41.6161 97.1232
29.8453 -46.0204 96.2155
26.82 35.2773 100.618
26.0204 32.4553 100.346
22.9114 27.2228 97.2993
20.9128 -0.973559 108.231
20.4122 -4.77355 108.953
20.3105 -13.1394 107.787
21.0951 -14.8803 108.011
21.9402 -16.6576 107.627
22.5028 -18.4464 107.134
23.1287 -20.2536 106.604
24.2779 -23.7582 105.964
25.0666 -26.3324 106.295
26.2801 -31.2559 101.984
29.9239 -39.5586 96.9231
30.4733 -42.5034 96.4905
30.7543 -44.2094 96.0459
31.1978 -46.7809 95.2321
32.1031 -51.416 91.4632
28.2586 36.5085 100.958
28.1229 33.8708 100.785
25.9567 30.4948 99.5233
24.7994 28.8043 98.6182
22.4426 25.7716 95.9289
21.4433 20.326 98.2494
21.3676 18.5027 98.0994
21.1704 14.7723 97.33
21.6368 5.05464 104.477
21.8421 2.909 105.814
21.8767 0.676058 106.919
21.8908 -2.41188 108.374
21.2022 -6.04083 107.911
21.0178 -8.10232 107.715
21.1396 -10.0932 107.355
26.7684 -28.8842 103.235
30.3839 -34.8997 97.524
31.2558 -36.9639 97.3721
31.42 -40.4389 96.7701
32.559 -47.6232 93.9727
29.4469 35.1028 100.988
28.2202 32.2175 99.9235
24.5776 26.9247 97.2159
21.9272 23.5144 96.3753
22.8693 -3.82266 108.443
22.6869 -11.4444 107.075
23.4493 -13.7648 107.201
24.1112 -15.4599 106.957
24.6903 -17.1631 106.554
25.1455 -18.867 105.822
25.6651 -20.5985 105.179
26.2078 -22.2348 104.663
26.6443 -23.8604 104.041
27.6233 -27.04 103.473
27.9751 -30.0291 100.947
32.3548 -38.3461 97.0723
32.7619 -41.3159 96.3216
34.2195 -50.0426 91.1582
30.8739 36.4298 100.477
29.8496 32.9479 100.412
23.375 21.5004 97.9194
23.0354 19.1623 98.8169
22.9634 17.3307 97.032
22.9904 15.6007 96.7137
23.4427 5.86503 102.531
23.6131 3.79128 103.963
23.8341 1.60167 105.48
23.8294 -5.13494 107.9
23.6046 -9.36502 106.592
24.282 -12.1404 106.677
28.3436 -25.0631 103.163
28.9808 -27.4316 102.15
29.3035 -31.2343 99.1363
30.8999 -32.959 97.9849
32.6692 -35.0815 98.1482
34.369 -44.1953 93.9162
34.819 -46.5536 93.0344
31.3819 33.8057 100.577
29.7128 31.4321 99.3018
27.2451 27.9189 98.0779
24.5777 23.51 96.4577
24.0367 12.097 97.8515
24.9791 -0.461626 105.998
25.0645 -3.43719 107.147
25.1405 -10.7378 106.236
25.8425 -12.9034 106.297
26.662 -15.1918 105.931
27.1747 -16.7846 105.738
27.5604 -18.4104 105.033
28.6367 -21.5013 103.241
29.8411 -25.518 102.267
30.3618 -28.7412 100.667
35.0243 -40.7076 95.6774
35.5714 -44.7517 92.505
25.1022 21.6313 96.8544
24.8353 19.793 96.2298
24.9563 17.8857 97.0824
24.9428 15.4448 96.8193
25.0275 10.6405 98.2233
25.3147 6.57223 101.038
25.4612 4.64936 102.04
25.6968 2.56689 103.512
26.1334 -1.78228 106.175
26.2684 -4.75699 107.084
26.6832 -11.4385 105.827
27.3887 -13.6687 105.596
31.3149 -25.9011 101.235
31.7651 -29.1602 99.4149
33.3323 -32.9403 98.1089
34.4103 -34.4261 97.5545
35.4943 -37.1764 96.4741
35.7862 -38.8292 95.5461
36.2621 -41.3084 94.2061
30.7561 30.1748 98.6186
26.6148 24.7334 95.807
26.0377 13.6732 97.2548
27.3131 -3.12347 106.31
27.4594 -6.1407 106.927
27.643 -8.49795 107.006
28.2968 -12.1768 105.756
28.927 -14.3975 105.023
30.3006 -18.8015 103.777
30.9074 -20.267 102.908
31.5995 -22.3718 101.518
32.7105 -26.2948 100.077
37.4221 -42.4883 92.5936
34.7765 36.4756 99.2131
30.6196 28.3483 97.8898
27.2225 23.0233 95.6721
26.918 21.2128 95.5551
26.7073 18.9256 94.9018
26.8962 17.0675 95.9555
26.9773 15.3264 96.8013
27.0977 12.1037 97.1596
27.6912 2.10275 102.962
28.232 -1.51925 105.465
28.5395 -4.5085 106.484
29.1905 -9.20552 107.212
31.029 -17.3154 103.885
33.1556 -22.838 100.8
33.5396 -24.407 99.9875
34.0936 -26.6666 98.9513
34.8547 -30.1532 98.1656
35.4883 -31.8342 97.8743
36.0475 -33.3485 96.9076
36.9293 -35.4795 95.6292
35.0502 33.7272 99.0947
32.9581 30.5885 97.7868
30.0565 26.7298 96.8586
28.6146 24.6788 95.3541
28.0223 13.6454 97.0675
28.992 0.0800908 104.207
29.4725 -2.85186 105.697
29.86 -5.92741 106.609
30.0968 -7.51752 106.982
30.6595 -10.651 106.997
33.2485 -20.0988 102.88
33.7782 -21.4242 102.002
39.3761 -44.0596 89.5119
29.8825 26.1161 94.8339
29.2641 23.0577 95.3348
29.0282 21.0716 95.8911
28.9691 17.7974 95.2435
29.0066 16.06 96.3288
29.023 12.1227 96.8145
29.0103 10.1612 97.4239
29.1773 6.25279 99.6608
29.2975 4.3316 100.426
29.5751 2.31356 101.895
30.8038 -4.28324 106.007
32.5134 -13.6222 105.953
32.8746 -15.046 104.964
33.2732 -16.4996 104.141
35.3192 -22.7813 100.787
35.8479 -24.1156 99.6574
36.1397 -25.405 98.5862
36.4647 -27.0368 97.7007
37.5897 -30.4205 96.7249
38.1135 -32.0328 95.9141
38.6521 -34.2387 94.8582
39.2022 -36.2911 93.9376
36.6546 33.6498 98.2346
35.5959 31.747 97.9373
34.5953 30.5514 96.8926
32.6346 27.3189 96.4856
30.0224 14.4334 96.7269
30.9937 0.337001 103.118
31.4364 -1.79098 104.587
32.1711 -5.70786 106.093
32.4396 -7.29658 106.473
34.799 -17.8687 103.328
35.4516 -19.8472 102.012
34.3827 29.0661 95.9907
32.4351 25.9584 94.8941
32.2563 25.8381 94.5797
30.9726 21.8166 94.2718
30.8331 19.6844 93.7925
31.0649 17.7931 94.5426
31.049 16.1698 95.6401
30.9959 12.9148 96.4745
31.1848 5.13586 99.4827
32.8948 -3.22282 105.168
34.2711 -10.3499 106.106
34.9242 -12.5718 105.584
35.1549 -14.0943 104.797
35.6788 -16.3643 104.031
36.8436 -21.2094 100.684
37.3406 -22.5843 99.6911
37.9591 -23.8942 98.6572
38.2741 -25.4376 97.851
38.7203 -26.9273 96.9342
39.109 -28.429 96.1708
39.7095 -30.8687 95.4978
40.2953 -33.1166 94.5156
40.9058 -35.2715 93.6467
36.3008 30.4914 96.3885
34.4995 27.2878 95.5837
32.0381 14.5673 95.9449
32.6348 1.92641 101.335
33.1753 -0.151238 102.971
34.3108 -4.66496 105.328
34.8293 -7.03666 105.782
35.6336 -10.9424 105.352
36.4623 -14.7064 103.945
37.1164 -17.6395 102.694
37.6509 -19.6996 101.543
35.9335 28.9468 94.9635
34.3506 25.5901 93.993
33.1986 24.2156 93.1751
32.7399 20.4418 93.3873
32.922 13.0124 95.7687
32.844 7.1879 97.53
33.34 3.35318 99.9661
34.6388 -1.47753 103.469
36.3427 -8.43945 105.161
39.079 -20.9984 100.156
39.8181 -23.0536 98.7445
40.1803 -24.4769 97.5268
41.5674 -30.5364 94.4216
42.1971 -32.7628 93.5606
42.5866 -34.7907 92.1643
39.578 33.2311 95.681
34.5865 2.06512 100.714
35.1142 -0.0119458 102.142
35.9568 -2.79274 103.702
36.6448 -5.15941 104.407
37.7316 -9.83296 104.359
39.1117 -16.6547 101.793
37.7915 29.4692 94.5325
34.8251 24.5083 92.1275
34.4745 20.3092 93.3693
34.8581 16.5529 93.8462
35.0034 14.7254 94.6783
34.6365 12.4597 94.4465
34.512 10.4148 95.1114
34.4597 8.60067 95.7512
34.7661 6.67571 97.2178
35.2888 3.459 99.3562
38.0516 -6.58484 103.941
40.8647 -19.3248 99.6964
41.3507 -21.4463 98.7024
42.313 -25.7433 95.9862
43.0995 -29.3616 93.688
43.5137 -31.4672 91.906
37.8575 27.7701 93.5242
37.9759 -2.64716 102.507
38.6213 -4.8726 103.014
39.4056 -7.92448 102.814
40.3501 -12.4921 101.411
44.7152 -34.5162 88.5477
40.6523 31.4915 94.515
37.1505 24.5799 92.0607
35.9131 21.6898 91.6542
36.5178 14.8265 93.4481
36.3724 12.6243 93.2601
36.2558 10.5703 94.2216
36.1826 8.68229 94.9106
36.5537 6.78447 96.5787
37.3889 2.97272 98.9294
38.0201 0.218309 100.552
40.0097 -6.25383 102.206
41.6724 -13.8379 99.9482
42.2614 -16.8783 98.9422
42.7081 -18.9985 97.868
43.1777 -21.087 96.8421
43.5903 -23.2687 95.8436
44.35 -27.4942 92.9307
44.6471 -29.6042 91.4921
44.9263 -31.5943 89.6448
37.0099 17.738 91.6606
40.2893 -3.83416 101.379
42.0021 -10.6147 99.9471
37.9759 23.9437 90.183
38.0258 14.9969 92.039
37.7152 11.2925 93.0092
37.8131 9.3088 93.7011
38.1383 7.49117 95.379
38.5345 5.77767 96.5361
38.9314 3.83615 97.68
39.5452 1.73954 98.6296
41.6724 -5.21573 100.612
43.2661 -12.0308 98.9403
43.6718 -14.2844 98.1011
44.0256 -16.4926 97.0789
44.3709 -18.6115 95.7621
45.3998 -24.9113 92.0726
37.4167 20.2149 89.6965
38.2952 12.7276 91.8006
41.714 -2.16043 99.2659
43.4869 -8.79548 98.6588
39.1411 10.0018 92.4475
39.6232 8.18673 94.0272
40.1003 6.43658 95.0693
41.1999 2.65173 96.8994
43.011 -3.47996 98.4909
43.6495 -5.71868 98.4734
44.6709 -10.242 97.3595
45.1112 -12.5153 96.7113
45.5165 -14.6895 95.7433
45.7909 -16.8472 94.497
46.0097 -18.9186 92.9878
46.2283 -20.9995 91.6894
46.4735 -23.0883 90.4047
41.2781 27.1249 90.4814
39.5664 15.7209 90.3364
39.5486 13.5206 90.4049
40.3597 11.3569 91.0822
40.9542 8.80849 92.4611
42.2392 4.80718 94.563
42.7988 2.85294 95.1531
43.394 0.890743 95.601
44.501 -2.50623 96.2596
45.077 -4.63217 96.5565
46.875 -12.9336 94.4252
47.1958 -15.0313 93.1755
47.3572 -17.1741 91.907
47.5107 -19.278 90.535
47.839 -23.4043 88.1103
40.9212 16.3952 88.5079
42.5945 8.35225 91.4923
43.2104 6.63412 92.3999
44.564 2.4073 93.459
45.1989 0.414554 93.6776
45.919 -1.63742 94.1135
47.3307 -7.26597 94.0543
47.8152 -9.47081 93.4283
48.2026 -11.8432 92.6857
48.5362 -14.0958 91.7072
41.539 23.7677 88.1116
42.1827 11.969 89.4683
40.6553 20.5781 86.3523
43.6303 9.5588 90.0362
45.0656 5.58377 91.2019
46.5528 1.2159 91.706
48.5337 -5.64162 92.0462
49.0263 -7.75523 91.5375
50.127 -17.3658 88.0473
41.9846 17.5918 86.434
45.2573 9.07771 88.9478
46.1017 6.86663 89.2327
47.8534 1.99815 89.7259
51.0767 -12.7657 87.855
45.0459 12.8137 86.0654
46.0475 10.3744 87.1238
47.0888 8.0032 87.6687
47.9839 5.81163 87.7288
48.8264 3.36074 88.0431
49.7644 0.71727 88.1491
51.2084 -4.49585 87.6645
-37.1395 37.2878 98.5426
-36.3887 42.4276 100.094
-36.4677 38.8246 99.2894
-35.3536 37.3821 99.3997
-34.4125 45.0141 102.411
-34.4204 42.1528 101.658
-34.4879 39.0847 100.105
-33.1682 37.7554 100.277
-32.1967 47.5048 103.517
-32.4363 44.8196 103.938
-31.1328 37.6718 101.086
-30.1112 48.8864 104.366
-30.3346 43.4354 104.048
-29.9442 39.1137 102.022
-27.6006 47.6079 106.39
-27.7435 44.6974 106.613
-27.8494 43.3582 104.999
-27.5982 40.3606 103.124
-27.2307 38.6561 102.851
-26.245 46.1424 107.457
-26.5521 41.8207 104.031
-25.1607 49.1445 107.224
-24.6516 44.6457 108.245
-24.8931 43.1723 106.57
-24.9055 40.0178 104.19
-23.5291 47.7187 108.37
-23.6577 41.5622 105.225
-23.0901 38.5164 104.114
-21.872 46.1255 109.362
-21.5942 37.1119 104.0
-19.5665 47.5621 110.244
-18.9164 42.8375 109.588
-17.1741 44.0558 111.387
-17.403 38.4379 106.539
-19.0543 55.0859 107.948
-17.9566 50.3119 110.019
-16.2352 41.244 109.726
-16.0675 37.1153 106.194
-16.3474 48.497 110.974
-15.9147 46.843 111.538
-15.3988 45.1477 111.865
-14.7785 38.5511 107.882
-15.881 51.6731 110.401
-13.6849 41.3739 111.593
-14.3649 49.7858 111.121
-14.0036 48.0653 111.551
-13.5754 46.3052 111.958
-11.8834 38.3816 109.612
-11.6584 42.1883 112.578
-11.228 39.7269 111.902
-12.9579 56.9607 109.155
-12.1841 51.3304 111.51
-11.9166 49.4976 111.782
-11.6944 47.5988 112.1
-11.713 56.8701 109.495
-10.0168 44.1944 112.726
-9.41186 38.7233 111.769
-9.38915 49.218 112.283
-9.25865 47.2637 112.577
-7.89046 45.1257 112.909
-7.53407 40.7559 113.33
-7.2812 38.8456 113.2
-6.99373 49.0366 112.561
-6.85444 47.0119 112.959
-5.98118 50.8128 112.652
-5.5828 44.9526 113.39
-5.40981 42.7417 113.656
-5.30457 40.7008 113.883
-4.97373 38.8369 113.987
-4.61141 46.7922 113.247
-3.95463 56.8801 111.192
-3.57646 50.8005 112.881
-3.12966 42.7994 113.965
-2.86928 38.8486 114.294
-2.31075 48.9458 112.884
-2.31523 47.0327 113.253
-1.11648 50.947 112.698
-0.857584 42.8669 113.961
0.104869 49.1156 112.89
1.36317 39.2462 114.042
2.44947 51.1728 112.415
2.3132 49.1917 112.685
2.38771 47.2463 113.319
3.59886 43.2567 113.518
3.59711 39.4927 113.734
5.12702 51.0603 112.272
5.06411 49.1334 112.793
4.86512 47.3248 113.333
6.55544 57.0685 110.077
5.93074 45.6304 113.489
5.98064 43.3667 113.55
5.8606 41.4374 113.637
5.81225 39.5956 113.472
7.43835 49.4658 112.193
7.33484 47.6092 112.851
8.24186 41.592 113.395
7.9546 39.6561 112.868
10.1399 51.6399 111.107
9.91647 49.8433 111.341
9.7902 47.9872 112.126
11.7218 55.3724 109.077
10.8883 46.4009 112.122
10.5174 44.1157 112.345
10.3228 41.8829 112.176
12.5958 51.8642 110.257
12.3339 50.0965 110.611
12.2469 48.4023 111.153
12.6126 44.4637 111.563
12.2678 42.5066 111.059
11.5451 39.689 108.836
14.7243 50.5987 109.708
14.469 48.9077 110.35
15.0281 46.0242 111.127
14.527 43.629 110.456
14.1267 41.0701 108.469
13.7724 38.0574 106.578
17.883 54.1546 107.751
17.2401 51.0155 109.141
16.5756 47.8284 110.208
15.4198 39.3406 107.264
16.8319 44.9172 110.059
16.8747 42.3344 108.323
16.5041 37.8478 106.044
19.7523 51.3088 108.194
17.9041 39.2788 106.303
19.9558 46.8 109.239
19.4426 43.831 107.695
19.3378 40.7872 106.041
22.3497 51.5191 106.798
21.6713 48.4859 108.15
20.8199 42.188 106.09
22.1234 43.9012 106.157
21.9848 40.7177 105.005
24.6435 50.0388 106.061
23.4245 42.3955 104.835
23.2586 39.167 104.448
25.4964 47.0417 106.033
24.7527 40.9295 103.928
27.0373 48.6531 104.713
26.7332 45.7258 104.542
26.2665 42.8477 103.303
25.944 39.4292 103.043
27.8056 44.4576 102.634
27.5803 41.1147 102.797
27.1347 37.9555 101.791
29.3974 45.8638 102.882
29.0675 43.0759 102.058
28.7876 39.2774 101.956
30.2122 41.3477 101.655
29.8202 37.9455 101.096
31.3639 39.7012 101.15
32.4689 41.5977 100.502
32.0936 38.112 100.286
-29.7925 -57.3159 93.0876
-27.9479 -59.7139 94.0031
-25.4683 -59.9689 96.6045
-23.9108 -59.6461 98.9368
-22.0564 -62.3522 99.8259
-20.3457 -61.8987 101.823
-19.4933 -63.9159 101.832
-17.7553 -67.7951 101.588
-15.3289 -65.8169 104.058
-13.3849 -65.0803 105.528
-11.8581 -65.6367 106.063
-13.2273 -70.1247 104.278
-11.1165 -69.1175 106.079
-8.78366 -66.3149 106.058
-9.67466 -71.0245 105.685
-7.15614 -68.218 106.76
-5.23168 -68.3957 106.745
-3.22612 -68.5496 106.619
-3.49115 -71.8862 106.189
-1.19232 -68.6306 106.649
0.844404 -68.7148 106.814
4.95364 -66.9689 107.282
4.96268 -70.3315 107.117
7.0188 -68.3429 107.373
9.06661 -67.9359 106.537
9.33825 -71.302 105.792
12.1811 -66.0596 105.27
15.4421 -64.8863 103.673
15.9605 -67.9353 102.779
19.7911 -64.4337 100.454
22.1848 -62.8206 97.707
25.5442 -59.3391 95.526
-49.4516 -18.3628 90.7916
-49.109 -0.960947 91.3506
-50.4055 7.63465 85.1938
-47.145 -7.67364 96.3563
-48.2194 1.6538 91.1853
-45.6967 -3.15984 97.1097
-44.6757 -11.536 99.6071
-47.2344 6.522 89.7778
-45.2768 1.18436 95.1419
-43.5695 -8.13127 100.864
-44.3572 -31.0647 92.2792
-45.2451 -37.3551 87.1111
-47.0409 14.568 84.6799
-42.1829 -8.7957 102.454
-42.0673 -19.637 100.557
-42.2581 -3.59065 101.043
-41.3242 -15.3102 102.551
-41.9076 -28.4353 97.4923
-43.4189 -40.9063 87.7065
-44.7609 10.2039 89.6651
-40.3306 -22.1537 101.027
-44.1692 26.3753 89.3191
-39.8146 -7.46771 104.314
-39.5634 -17.8239 103.041
-39.781 -24.1448 100.932
-42.9051 31.423 92.4748
-44.3723 19.2662 84.7093
-40.0119 -2.19321 102.259
-40.2152 -39.107 93.3073
-41.028 -44.431 88.5225
-43.6422 22.2197 85.7931
-40.1488 1.17438 99.6622
-39.7359 -41.0895 92.8377
-41.5004 33.1345 94.4305
-42.7521 17.3098 87.4325
-39.2904 -0.0218796 101.156
-38.5654 -3.38845 103.933
-38.1949 -25.9811 100.172
-39.3668 -43.007 91.6556
-40.795 34.9799 95.5975
-41.8662 25.2271 89.8962
-37.1941 -16.4623 104.856
-36.6037 -12.1238 106.253
-37.322 -35.3572 98.2045
-37.8224 -41.11 94.4921
-40.4706 25.9769 91.6129
-36.7146 -4.02972 105.273
-37.7407 4.29455 99.3392
-35.6671 -18.7972 103.917
-36.2025 -37.3335 98.3219
-36.9794 -45.0172 92.901
-35.9456 -1.90763 104.424
-35.0205 -9.70526 107.088
-34.9645 -16.013 105.789
-35.0537 -17.3895 104.81
-37.7535 35.5851 97.7895
-38.2008 12.8282 93.1964
-37.6355 8.90718 95.509
-35.526 -43.0821 95.2816
-35.9127 3.64883 100.489
-34.5074 -3.5969 106.069
-35.3615 -47.4582 92.7714
-36.7545 33.13 97.18
-37.0283 29.3577 95.6151
-33.7277 -23.982 101.877
-34.1949 -42.1898 97.1981
-36.0206 35.9158 98.7389
-33.0758 -6.23744 107.448
-32.8218 -10.2308 107.681
-32.9554 -16.8522 104.965
-33.0619 -21.6163 103.206
-35.4311 37.3342 99.3603
-35.8061 30.202 96.6217
-33.6611 0.75502 103.462
-32.6535 -25.4717 102.024
-32.7547 -31.3671 100.778
-33.5225 -47.9786 94.2312
-35.072 33.5112 97.8459
-35.8244 21.1257 92.6213
-34.5065 7.59794 97.6796
-32.1394 -28.9256 101.656
-34.4145 44.7601 102.46
-32.9892 2.96542 102.029
-32.0886 -1.52145 105.711
-31.9498 -43.7168 98.1847
-30.9372 -6.2585 107.884
-31.233 -39.8447 100.048
-32.0904 -53.9446 92.9353
-33.2072 37.6707 100.241
-33.5697 29.5513 97.5679
-33.3412 13.3567 96.8268
-30.3345 -19.751 104.794
-31.1229 -48.5024 96.0351
-32.824 11.3849 96.2414
-29.8369 -23.6122 103.961
-29.8776 -32.0224 102.927
-30.1581 -41.8499 100.203
-32.3822 30.908 98.5492
-31.0234 4.51127 101.958
-29.8691 -1.6176 106.68
-29.2037 -11.1615 107.687
-29.9061 -47.5631 97.373
-31.7342 32.7765 99.4078
-31.6275 13.2456 97.6589
-28.7371 -27.5385 103.82
-29.0116 -36.4446 101.775
-29.8496 -57.2902 93.04
-31.6 18.1728 95.1883
-31.1074 11.273 97.1108
-28.306 -5.8122 108.582
-30.0393 7.89876 99.4227
-27.5248 -26.6755 105.302
-27.9534 -42.8732 101.138
-30.1046 33.6889 99.851
-27.445 -37.9584 102.034
-27.4079 -40.9287 101.775
-27.4554 -48.1922 99.8908
-29.3179 37.3732 101.761
-29.4254 13.1554 98.3613
-26.7052 -10.6155 107.585
-26.6958 -16.4033 106.332
-26.5527 -28.5151 104.459
-29.0998 24.7488 95.5796
-28.1784 10.0353 98.7924
-25.8366 -3.82967 108.839
-25.7235 -12.0158 107.024
-25.5149 -17.9649 107.199
-27.9598 50.4023 105.246
-27.6274 47.563 106.391
-27.9722 33.6095 100.321
-27.9613 15.7435 97.9877
-24.8781 -19.9607 107.571
-25.1879 -40.9507 102.906
-25.1133 -44.3582 102.558
-24.5887 -13.5782 107.767
-24.6643 -56.968 99.6595
-26.3603 46.3038 107.345
-26.4879 41.9928 104.162
-26.831 34.9761 100.992
-23.654 -7.71498 108.497
-23.4143 -15.1538 108.69
-23.3065 -18.5343 108.306
-23.0338 -28.1642 107.287
-23.283 -47.8199 103.72
-25.8084 51.7579 105.925
-26.2081 18.0245 96.1884
-25.9107 15.7692 97.8208
-25.7779 14.1502 98.592
-25.531 10.5028 99.1513
-23.4609 -1.28858 108.592
-22.6757 -55.1446 102.989
-24.6714 43.1571 106.671
-24.8693 39.9309 104.169
-21.9734 -30.0895 107.259
-24.4852 37.1211 103.035
-23.6831 47.6234 108.309
-23.7411 41.7645 105.268
-21.2248 -16.1804 109.492
-21.0084 -21.4629 109.027
-20.9097 -49.2824 105.434
-21.1212 -59.9194 102.202
-24.2057 18.5796 95.9146
-23.9532 16.8574 97.3732
-21.1585 -2.9069 109.846
-21.1254 -7.19434 108.589
-20.9791 -10.2241 109.12
-20.6256 -18.093 109.359
-20.1848 -23.5763 110.706
-20.3047 -51.7308 105.632
-23.0193 35.7094 102.43
-21.4442 3.94792 106.799
-21.1157 1.76231 108.269
-20.2369 -66.4627 99.6562
-22.1765 40.2452 105.152
-22.647 13.6366 98.7079
-21.2357 6.11151 105.647
-19.4263 -20.0603 109.914
-19.2765 -58.5115 104.589
-21.1815 8.42346 103.461
-18.8571 -61.8319 103.359
-22.0582 18.0047 96.4735
-21.8511 16.326 97.618
-21.4148 11.9958 99.5344
-19.4316 1.65227 109.239
-19.0336 -2.95069 110.409
-18.3235 -42.3417 106.825
-17.2053 -27.0734 112.795
-17.7951 -64.1594 103.098
-17.8688 -67.8503 101.491
-19.3847 8.20766 105.143
-17.4642 -14.8689 111.518
-16.8246 -23.2532 113.138
-16.9 -55.1085 107.42
-17.152 -61.8253 104.635
-20.4688 28.8363 98.865
-20.8308 26.7154 96.3375
-20.4411 17.441 96.9436
-19.3459 10.0842 102.423
-16.5356 -21.1938 112.146
-16.355 -43.8961 109.376
-16.4939 -59.4476 106.134
-16.7402 -65.9543 102.808
-17.4057 3.11337 109.596
-15.4492 -45.9755 111.626
-15.6952 -53.1268 108.859
-15.8145 -15.8651 112.09
-15.4498 -61.3579 106.081
-15.6276 -69.1787 102.584
-17.883 50.2755 110.054
-14.7411 -22.3127 113.951
-14.6672 -55.064 108.834
-17.3645 38.4865 106.576
-18.7313 23.1993 96.2282
-18.428 18.4632 97.0962
-14.424 -20.7463 113.022
-13.9608 -53.0719 110.211
-14.4095 -63.2345 105.94
-17.6942 16.2885 98.0255
-15.4568 5.58462 109.825
-13.7996 -60.8706 107.213
-16.1432 48.5266 111.018
-16.7273 33.5361 103.6
-13.0255 -24.2726 114.865
-13.3919 -65.0483 105.544
-13.3627 -70.1108 104.198
-15.8678 51.7486 110.395
-13.9456 3.27335 112.338
-13.6105 0.616887 113.842
-13.0786 -16.8645 113.122
-12.9715 -18.7957 113.222
-14.7929 43.2375 111.952
-12.7848 -1.06453 115.554
-12.3184 -20.2941 113.877
-12.2089 -60.3636 107.981
-11.1114 -26.8582 117.225
-10.754 -50.7801 115.264
-12.3596 5.13312 113.268
-11.1436 -22.719 114.452
-10.3413 -47.856 115.225
-11.2475 -64.1012 106.916
-13.39 46.2761 111.991
-13.7325 36.8993 106.997
-13.0506 11.4532 107.117
-10.7021 -20.8049 114.599
-10.1247 -29.1606 116.675
-10.7466 -62.1643 107.338
-9.42023 -52.4709 113.778
-10.215 -65.4445 106.786
-10.2034 4.12442 117.178
-9.33136 -0.836417 121.681
-9.64307 -18.9265 115.417
-9.76283 -63.5296 106.958
-12.1555 51.5025 111.504
-11.6555 42.1087 112.58
-9.02199 -22.3222 115.684
-11.2948 45.6757 112.45
-11.164 39.6873 111.913
-12.0593 29.0274 104.005
-7.40895 -2.00704 127.225
-7.64471 -50.6897 116.347
-8.7644 -66.1888 106.12
-9.40287 9.965 114.089
-8.67104 6.47704 117.845
-7.98957 3.06343 121.512
-5.93448 -2.81667 129.96
-7.10165 -45.7415 114.346
-7.50759 -71.8897 106.746
-9.61365 42.0577 112.873
-10.1836 30.0967 106.555
-10.4623 26.499 104.043
-7.28862 6.14049 120.285
-6.13444 0.506989 126.297
-4.38617 -11.8609 135.043
-6.98564 -20.894 116.422
-9.57975 51.3995 111.819
-9.31796 47.157 112.577
-5.9751 2.63247 124.748
-4.55145 -4.04205 132.323
-6.32063 -19.0987 117.907
-5.96445 -28.7763 118.654
-5.9193 -47.2169 115.489
-6.75316 -65.2131 106.704
-5.9242 -56.6308 110.57
-8.19435 36.8025 110.999
-8.66425 24.7331 105.547
-8.09272 17.8339 107.93
-4.45598 1.25908 127.904
-5.36633 -20.4887 117.557
-5.80063 -60.4437 107.554
-7.69407 45.0513 112.94
-4.2542 -51.4757 116.055
-4.41609 -53.247 114.459
-5.1531 -68.4113 106.733
-6.879 49.1708 112.577
-6.75567 47.0659 112.964
-6.66375 24.6889 108.907
-2.43362 -0.602632 131.364
-3.69403 -20.1368 119.146
-4.15368 -57.4321 109.079
-1.05964 -6.81243 136.151
-0.905829 -8.75417 136.83
-0.771573 -10.6783 137.397
-0.945234 -13.7333 135.607
-3.37226 -21.4416 117.809
-5.63001 44.9577 113.386
-1.96498 3.03382 129.027
-3.15223 -67.0191 107.497
-4.87567 38.8545 114.003
-4.87064 35.4698 113.319
-2.68129 -64.2566 108.126
-1.7292 -20.5955 119.306
-3.82029 33.4718 113.281
-1.38558 9.41467 124.53
-0.044072 -0.143626 131.638
-1.00134 -48.9535 115.606
-0.861757 -51.8692 116.101
-1.08368 -54.0815 113.955
-1.51623 13.7788 121.312
1.57044 -12.4779 137.132
-1.18643 -66.9653 107.615
-2.99968 42.8365 113.941
-2.84075 38.7911 114.304
-2.75303 35.8003 114.358
-1.3035 15.4783 119.79
-0.718465 -64.2026 108.205
-1.84419 23.2788 114.508
0.426054 -47.9994 115.724
0.469972 -50.3252 115.496
-2.33554 49.0753 112.861
-2.21482 46.9687 113.269
-1.73933 34.3246 114.175
-1.74552 30.4678 113.234
1.01044 5.71589 126.947
0.84824 -19.6942 120.575
0.999632 -28.8077 120.276
0.58756 -44.9947 113.935
-0.394881 19.4065 116.83
0.994562 -23.327 117.817
0.605667 -57.6998 108.159
0.716683 -72.0397 106.124
-1.1259 44.8985 113.491
-1.00501 42.8182 113.976
-0.420372 24.3039 114.302
2.86968 -2.00125 131.628
3.25903 -5.07605 133.792
2.07819 -25.2721 118.318
2.2552 -46.9663 115.209
2.58966 7.4464 124.908
0.162807 49.0552 112.914
0.265276 46.9694 113.214
0.7156 34.3442 113.968
0.953846 25.3803 113.691
4.34779 -3.40945 131.758
4.93606 -9.82337 134.762
2.91716 -21.8511 117.984
3.68724 5.45823 125.434
3.93192 3.37222 126.751
4.57948 -1.82081 130.338
3.50061 -44.9566 114.118
3.10261 -67.2218 106.79
3.21306 -72.0025 106.645
1.57812 39.3133 114.032
3.74916 8.66753 123.083
4.26497 -47.9107 115.676
4.34541 -50.2845 115.788
4.31791 -22.7638 117.549
4.75848 -53.0644 114.708
2.57942 37.8529 113.802
3.60032 17.4064 116.835
4.87533 6.17626 123.788
5.67396 -0.598034 128.233
5.02863 -25.7433 118.73
4.47581 -59.6917 107.843
4.62638 -68.6183 107.004
2.51696 51.2034 112.401
3.13219 28.6106 112.184
5.50132 -30.3453 117.589
5.5115 -46.3593 114.471
3.30599 45.4316 113.364
3.48205 41.3421 113.876
6.21255 -48.8209 115.696
4.41723 21.0285 112.724
5.80795 9.03888 120.587
6.04328 6.92564 121.928
6.38224 3.79238 123.818
6.49822 -53.8882 113.128
6.14173 -55.6669 110.02
5.78986 13.3452 117.735
7.5355 -2.38929 127.642
7.86536 -4.9847 129.648
7.05004 -27.1943 119.234
6.46808 -61.1922 107.986
4.72236 47.4942 113.292
4.99971 37.9304 113.415
7.33238 -25.6225 117.971
6.42866 14.6697 115.462
8.15873 -1.158 125.434
7.8148 -29.3294 117.171
8.06609 -49.679 114.995
8.04639 -52.528 114.283
5.85877 43.4128 113.553
5.9211 41.4038 113.629
6.38207 18.1531 112.077
7.36971 9.44624 117.885
7.79572 5.24654 120.31
7.85569 -59.6363 107.688
6.54792 19.9865 109.936
7.54283 11.6756 115.933
6.89267 38.0495 112.764
6.69489 33.4419 110.128
9.65324 -3.97718 125.424
9.10559 -25.4736 116.815
9.11735 -30.141 115.904
9.40046 -48.1979 114.471
7.11322 29.6927 108.722
8.19954 12.9899 113.748
9.66257 -28.3359 116.844
9.81098 -52.9012 112.956
9.3913 -71.3229 105.776
7.42462 51.3163 111.907
7.85481 39.5362 112.866
7.80297 18.8259 107.927
9.18882 7.23784 116.568
9.45064 4.60892 118.104
9.69501 -61.9322 106.354
8.27871 43.4918 113.13
8.36299 41.4599 113.397
11.086 -6.28147 125.08
10.1424 -18.09 115.061
10.6344 -46.6542 113.12
10.211 -64.7714 105.994
10.7967 -0.918756 120.055
10.9638 -26.337 116.136
10.9715 -29.1505 115.604
11.1617 -48.5387 113.103
10.7696 -67.5785 105.98
8.89792 34.2712 108.075
8.86614 32.3976 107.424
8.74208 24.8511 104.803
10.8071 2.84017 117.032
11.1441 -60.4817 106.585
9.27949 28.6762 105.969
9.20009 21.524 103.796
11.6404 -23.3172 114.44
11.8036 -44.1649 111.401
11.573 -63.298 105.513
9.88096 49.8626 111.351
10.067 39.8378 110.756
10.92 9.93875 111.485
11.885 -19.3575 113.302
12.437 -47.0274 112.052
12.1055 -66.1276 105.294
10.6395 44.1273 112.327
10.1952 19.1137 103.297
12.9754 -51.8568 111.518
12.7088 -54.1268 108.808
12.551 -56.5246 106.986
10.7731 35.385 107.432
10.4638 25.7186 102.775
11.5452 11.3197 108.824
13.1382 -25.2163 114.488
11.3266 39.6087 108.825
13.3062 -21.2143 112.687
13.4298 -23.1942 113.313
13.7044 -28.5495 114.503
11.305 24.49 101.182
11.9076 14.9792 104.312
11.9156 28.2183 102.936
12.5656 12.8452 105.266
13.1124 8.83938 109.114
14.5139 -5.89965 118.076
12.5267 35.201 105.455
12.4707 33.3843 104.569
14.5544 -19.1546 111.397
14.8433 -62.2754 104.575
13.4214 46.8252 111.306
12.8626 30.2119 102.944
12.5904 23.8243 99.1807
13.0106 16.9559 101.366
15.8234 -12.2814 119.772
14.902 -17.1472 110.637
15.5271 -27.9962 113.757
15.4935 -47.788 109.212
15.5956 -50.2817 109.527
14.5817 6.94712 108.694
14.7893 4.79915 110.062
15.858 -30.709 111.862
15.7056 -57.8653 104.576
14.3702 43.4233 110.278
14.2148 41.163 108.496
13.8246 34.0443 103.544
15.6476 -2.72821 111.748
15.7644 -14.1692 110.434
14.6316 50.669 109.695
14.2652 32.251 102.61
14.1934 17.8569 98.7885
15.2855 8.73392 106.582
16.8721 -50.6956 107.891
14.9565 36.7085 105.374
14.7333 30.4248 101.878
14.3526 23.2099 96.8706
15.1826 12.8532 102.109
16.8736 -20.4664 110.209
15.5958 39.3855 107.228
15.3165 15.7717 99.4127
17.3847 -41.4042 105.83
17.7177 -48.6862 107.262
15.8069 35.4957 103.833
17.4535 -13.4791 108.197
17.7011 -17.5106 109.503
18.1108 -51.5714 105.73
17.9836 -53.9025 104.079
18.0159 -63.5997 102.157
16.7929 45.0033 110.136
16.6342 42.2213 108.26
15.7142 24.8845 95.9209
17.8388 -5.77395 108.948
18.0305 -10.6986 109.772
18.4311 -56.314 103.149
18.4353 -66.3914 100.971
16.5819 29.7094 100.337
16.4452 27.9661 98.7009
17.9569 4.19764 107.505
18.0937 2.11959 108.353
18.3322 -8.14973 108.531
19.0306 -28.6292 110.492
17.3434 36.4111 104.446
17.1806 33.3618 102.172
17.4985 12.1421 100.34
19.0554 -15.9886 108.797
19.4207 -47.1307 105.43
19.3216 -54.8173 102.714
18.1804 46.6445 109.567
17.4728 17.6972 96.6896
19.7385 -22.7685 109.29
19.6367 -42.2232 104.001
19.8256 -57.2719 102.245
20.0497 -17.8942 108.589
20.0091 -39.3862 103.327
20.2449 -52.8762 102.637
20.269 -59.6657 101.272
18.6939 35.2127 102.861
18.4468 29.4383 99.0091
18.3332 28.1536 97.6463
18.6115 15.5834 97.4699
19.5386 7.10667 104.413
19.7267 4.94132 105.774
19.9022 2.80658 107.005
20.282 -4.79217 108.98
20.6754 -55.2551 101.548
19.508 43.8726 107.706
19.3757 40.6223 105.91
19.3004 37.881 104.567
20.9106 -14.933 108.062
21.1948 -47.5685 103.599
21.1687 -6.11653 107.879
21.195 -8.05112 107.703
21.2034 -9.96699 107.354
21.7267 -28.4599 108.534
21.5665 -53.2839 101.168
21.5883 -60.5591 99.6575
20.3081 12.4212 98.6144
21.8823 -16.8207 107.637
21.8405 -41.6169 101.801
21.9735 -44.0812 102.54
20.8392 42.1087 106.037
20.8029 39.2981 105.047
20.3459 28.6522 97.7969
21.1676 9.04229 101.355
21.3723 7.31944 103.01
21.5608 5.13385 104.47
21.7411 2.98152 105.804
21.4444 45.4739 107.521
20.7943 26.8313 96.761
21.0005 16.7388 96.6074
21.1314 14.6195 97.3707
22.6817 -11.3934 107.072
23.0222 -28.7922 106.926
22.6112 -39.5785 100.172
22.9613 -54.2406 100.142
21.7086 37.548 103.781
22.0066 31.7947 100.099
22.2193 13.0539 97.8528
23.5574 -9.36861 106.614
23.7395 -43.502 100.71
23.8472 -52.2616 99.6554
23.8792 -56.6355 98.9206
23.7713 -60.8945 96.9859
22.4047 29.0914 98.3594
22.935 9.83652 99.3417
23.3327 5.90042 102.582
23.5248 3.71651 104.098
23.7196 1.55312 105.567
24.3223 -29.1284 105.282
23.1871 42.3133 104.899
23.218 38.9499 104.339
22.8486 27.2577 97.3174
23.2137 19.0308 98.6999
24.7154 -17.1749 106.538
24.6947 -31.4389 103.478
24.9788 -3.55715 107.224
25.0669 -6.52643 107.487
25.1515 -19.0207 105.758
25.1697 -45.4422 99.6476
25.187 -57.0237 97.1891
25.4544 -40.4661 98.8015
25.5558 -59.3504 95.5075
26.0224 -7.9247 106.989
24.8971 19.8485 96.2167
25.044 17.7328 97.0386
26.5753 -15.1475 105.968
26.5804 -28.972 103.368
26.5024 -31.3103 101.941
26.5399 -46.3387 98.3223
26.5605 -48.2801 98.0893
26.5229 -55.4876 96.115
25.4701 36.4733 101.458
25.4894 34.1561 100.783
25.9921 30.4331 99.5234
26.1555 13.6837 97.2516
27.4694 -13.6166 105.547
27.5199 -18.4439 105.03
27.3016 -33.0886 99.557
27.4987 -50.6675 97.0107
26.9416 7.90982 99.0885
27.084 6.24866 100.291
27.1975 4.11769 101.305
28.0034 -10.3138 106.65
27.0893 48.6923 104.663
26.7663 19.0419 94.8297
27.0722 15.2539 96.8304
27.1772 12.2018 97.1307
27.3 10.07 97.9991
28.1969 -1.33141 105.358
28.3621 -4.41506 106.481
28.438 -12.1622 105.773
27.4784 41.2303 102.859
27.2588 22.9501 95.6636
28.8997 -14.516 105.006
28.8865 -27.3998 102.191
28.626 -36.3639 96.9053
28.1418 13.7324 97.0556
29.3386 -23.5351 102.692
28.4019 36.579 100.959
28.2306 26.4529 96.0121
28.8605 8.03565 98.3017
29.0272 6.34986 99.7021
29.879 -5.88535 106.592
28.9233 39.3967 101.964
28.8639 20.9225 96.0051
29.1563 12.2694 96.8152
30.2557 -28.7347 100.734
29.4308 45.9095 102.879
29.4684 35.1474 100.984
29.2384 23.0183 95.3629
30.7849 -4.33835 106.026
30.6353 -34.9175 97.6501
30.7371 -44.2348 96.0484
29.8719 38.0574 101.12
30.9096 0.463653 103.055
31.4418 -8.84291 106.861
31.0799 -32.9155 97.9545
31.1751 -36.9089 97.368
31.2149 -46.6464 95.2559
30.3452 41.4938 101.615
30.1395 26.133 94.9112
30.8924 7.04204 98.4106
31.5805 -1.684 104.495
31.6449 -22.4107 101.493
31.5576 -49.4182 93.1726
30.6775 19.7232 93.8805
31.1172 12.8496 96.4209
31.1399 10.8478 96.3119
32.3645 -7.32305 106.491
32.1441 -24.3295 101.045
32.0709 -30.9835 98.5227
31.3337 39.5718 101.14
31.1607 21.702 94.1631
32.6767 -3.24674 105.269
32.6756 -34.9659 98.1775
32.6083 -47.5415 94.0107
33.2237 -20.1132 102.894
33.1005 -32.9542 98.233
32.4071 32.0366 99.1299
32.8125 7.17668 97.5535
32.9161 5.54465 98.5244
33.6503 -21.477 101.958
32.817 36.3303 99.9296
32.6418 20.3327 93.3758
33.0569 12.9708 95.6967
34.1968 -4.7225 105.384
33.4121 33.9191 99.8267
33.0438 24.4012 93.235
34.8012 -8.70702 105.935
34.7159 -17.7242 103.46
34.4814 -28.5093 98.487
34.5982 -34.4178 97.7538
34.5048 -44.0453 94.0113
35.0806 -40.7146 95.6423
34.556 10.558 95.0422
35.7402 -16.318 104.023
35.5905 -19.9938 101.913
34.7559 36.4825 99.2211
34.6972 20.4016 93.3022
34.9418 14.629 94.7683
35.9751 -33.3376 96.9702
36.5893 -5.07689 104.415
36.3464 -26.942 97.7499
37.122 -17.6349 102.692
36.861 -28.8848 97.2692
36.8558 5.21421 97.5677
37.6402 -9.97734 104.412
37.5548 -19.4823 101.651
37.4985 3.06027 98.8084
38.053 -6.48335 103.933
37.7912 -38.9806 93.5532
37.3009 31.8763 97.4915
36.9999 24.6213 92.175
37.1113 17.6024 91.7154
38.2988 -25.4589 97.8306
37.5955 29.3497 94.3867
38.1648 7.5377 95.3287
38.9858 -11.2509 102.8
38.9556 -20.817 100.337
38.7523 -26.8547 96.9487
38.7333 -40.393 92.4005
37.8762 23.9366 90.1753
38.9143 3.70806 97.7793
39.7112 -1.63923 100.738
39.8496 -23.1069 98.7047
39.7462 -30.7064 95.546
39.5741 8.23666 94.0124
40.2816 -3.69172 101.369
40.3666 -12.5559 101.393
40.2328 -33.1122 94.5317
39.599 33.1729 95.6639
39.6015 15.829 90.2859
40.7983 -9.08986 101.214
40.8584 -17.3454 100.143
40.1003 29.5151 93.7457
41.3373 -21.6406 98.6638
41.1846 -37.4362 92.4021
40.6026 31.3954 94.5363
41.4445 0.739513 97.7375
41.7172 -5.06204 100.53
41.7494 -13.8569 99.8839
41.6512 -30.609 94.3244
40.7188 20.5003 86.2847
41.0078 16.1002 88.573
41.5752 6.79217 93.6367
42.1931 -7.47796 100.12
42.2391 -16.7231 98.9974
42.2012 -25.8261 96.0148
41.8605 10.1966 90.9795
42.6995 -19.0761 97.8549
42.6048 -34.9244 92.0801
42.2284 11.9352 89.4642
43.1677 -20.9586 96.8603
43.5722 -8.77124 98.5872
43.6249 -14.164 98.2029
43.6426 -23.3348 95.7784
43.4984 -31.4111 91.9587
43.4004 -37.6421 88.7446
44.0725 -16.5073 97.0147
44.0687 -25.1815 94.37
43.9473 15.5266 85.8648
44.9039 -4.58493 96.7398
44.9908 -12.5246 96.8296
44.9493 -23.1036 93.5146
44.8132 -34.6146 88.265
45.4502 -14.8862 95.7833
45.3853 -24.9595 92.0707
45.3064 8.98295 88.9792
45.8828 -16.7269 94.4241
45.8249 -19.0809 93.2033
45.8228 -26.82 90.5659
46.3677 -10.8698 95.3448
46.2536 -20.9206 91.6707
46.186 10.2757 87.0522
46.8373 -12.7626 94.5033
46.869 4.31207 89.8098
47.2185 -17.4561 91.8673
47.1224 -27.0522 87.6179
48.225 -12.0678 92.6842
48.6875 -13.9437 91.5615
48.7976 3.5536 87.9714
49.048 -21.039 87.4005
51.0607 -12.6611 87.9193
47.8054 -9.52367 93.4412
47.3193 -7.16956 94.0463
47.0924 -0.999251 92.1458
46.6286 -3.70417 94.0613
45.8019 -8.32211 96.1731
44.6998 -7.06358 97.4222
45.352 0.341244 93.566
44.2313 -18.7167 95.9508
44.5724 -20.6442 94.8726
43.2968 -11.9496 98.8981
44.9866 -31.5422 89.5532
45.038 5.58187 91.2337
44.2361 -27.5794 93.1153
42.0552 -10.523 99.9202
42.8817 -27.7122 94.8558
43.3458 6.50616 92.3915
41.8866 -23.481 97.6544
42.2971 -32.7204 93.4297
41.08 -35.3225 93.5069
41.0058 -40.899 89.9348
40.7073 4.56511 95.9029
39.9329 0.0109876 99.4556
41.2505 27.2983 90.5793
41.5306 23.6317 87.9942
39.698 1.70336 98.5535
38.5704 -4.80582 103.041
37.7622 -15.9586 103.032
39.0939 -36.3457 93.9388
39.33 -43.9469 89.7018
38.6287 -34.3443 94.8297
38.2018 36.4522 96.8886
39.1046 17.8835 89.9317
36.4415 -8.61463 105.083
36.7986 -21.2253 100.708
36.7516 -1.21499 102.218
37.4934 -30.5246 96.765
37.4302 -37.4635 94.5275
37.5488 -42.4579 92.5126
37.5474 -46.4617 90.0032
38.0976 14.9606 91.9649
36.8028 -35.4489 95.7103
36.6893 33.5811 98.2133
34.9458 -12.5016 105.584
35.3894 -22.6521 100.847
36.3822 -41.3708 94.074
35.9082 -38.9071 95.4112
35.2167 39.9306 99.0662
36.3978 12.5264 93.2766
35.1368 33.7098 99.0413
33.3688 -16.4751 104.14
34.723 -42.4255 95.0245
34.4074 25.7682 93.901
32.8272 -15.074 104.923
33.6933 -24.4105 99.9716
34.0169 -50.027 91.2839
34.6876 12.3051 94.348
34.3998 8.61003 95.7543
32.279 -5.69249 106.062
33.7119 -39.3561 96.6493
32.6761 1.90694 101.344
33.0168 -43.4434 94.9967
33.0494 30.5626 97.7471
32.8072 18.3679 93.6427
32.8314 16.4229 94.9711
32.1324 -51.3632 91.4976
32.0564 37.9756 100.278
32.8548 23.1633 95.2793
32.9487 11.1257 95.4579
30.539 -10.6704 106.957
30.9801 -20.2529 102.929
31.8982 -29.0874 99.4812
32.2823 -38.4541 97.0638
31.5171 43.6875 100.882
30.1291 -13.0636 105.846
31.0266 36.4958 100.48
31.4161 33.8433 100.561
31.1634 5.01383 99.5551
29.7151 -16.501 104.446
30.2668 -49.0628 94.7796
30.3978 -54.326 92.3195
30.8429 30.2986 98.5895
30.924 8.84186 97.0864
29.4905 2.29365 101.954
29.1617 0.0902523 104.088
29.2785 -48.007 96.2631
29.2122 43.1951 101.989
29.839 32.8462 100.378
29.3406 4.41188 100.378
28.281 -19.8039 104.067
28.6556 -56.1402 93.5458
27.6065 -6.11742 106.894
28.6326 24.7223 95.3399
29.0253 10.308 97.3586
27.3119 -3.09795 106.304
26.8078 -11.4851 105.82
28.0945 -29.9087 100.914
27.7931 -47.168 97.2712
28.1515 33.7855 100.768
27.1562 0.568551 104.584
26.6298 -23.9127 104.073
27.6813 -40.5488 97.8774
26.9548 -53.2888 96.5278
27.2497 37.8918 101.74
25.9798 -12.9705 106.222
26.7324 45.7171 104.544
26.2409 43.0217 103.259
26.9335 35.3475 100.659
26.7004 21.225 95.5616
25.9809 39.5505 103.062
26.5143 24.6226 95.8194
25.7645 2.55112 103.491
25.1337 -26.3045 106.21
25.9527 -42.4764 99.0055
25.2814 -52.8451 98.4575
25.4499 4.5542 102.101
24.2377 -23.7841 106.032
24.5966 -54.7281 98.7359
25.3769 46.9944 106.101
24.7678 44.1575 104.545
24.7297 40.8342 103.93
25.356 6.66026 100.931
24.0105 -15.5693 106.982
25.0944 -33.8292 100.981
24.7529 -38.5005 98.3121
24.3526 -47.1906 100.146
24.2904 -49.0358 99.7939
23.9631 -60.9959 96.7543
24.5647 37.8011 102.605
24.8807 15.6407 96.7872
25.1483 10.5418 98.214
24.9901 8.71133 99.3902
23.4462 -7.09319 107.358
23.4203 -13.5558 107.182
23.1055 -20.2731 106.609
24.6609 50.097 106.013
24.5999 23.5777 96.4284
23.2434 -31.2941 104.829
23.4661 45.2637 106.513
22.9344 -0.696692 107.169
22.0463 -23.5483 108.093
22.7978 -36.9008 99.5881
22.6528 -49.6089 101.356
22.4909 -51.5381 100.945
22.1303 -62.8908 97.7437
23.0037 36.3382 102.056
23.3367 8.0106 100.867
21.3292 -21.4513 107.827
21.9353 -31.0222 106.369
22.1724 43.8274 106.062
23.0883 21.6001 97.5855
22.9062 15.6409 96.7265
21.9638 0.737951 106.841
22.1057 -33.5429 103.103
21.3576 -58.0728 100.737
22.4498 51.492 106.732
21.7004 48.6471 108.088
21.3921 45.5452 107.845
22.4838 25.7931 96.0977
20.2618 -13.2019 107.817
22.0611 23.7177 96.3429
19.1101 -21.0426 109.058
19.1713 -26.2149 111.049
19.8722 0.648351 108.049
19.7348 -2.87588 109.363
19.0824 -61.5129 101.703
20.1026 49.5878 108.785
18.808 -44.0084 105.599
18.5962 -58.9624 102.736
17.4681 -22.1661 110.35
17.6009 -29.8939 110.906
20.0635 25.1234 95.7134
19.4477 17.812 96.668
19.2894 10.4633 100.943
17.5053 -60.941 103.122
18.5279 9.3196 103.134
16.6697 -45.3058 108.041
16.7989 -53.326 105.775
16.9398 -55.5954 104.371
17.9755 53.7393 108.002
17.864 39.3256 106.334
18.4837 31.9882 101.483
17.6721 6.47572 106.346
17.0321 -1.0586 110.234
16.6027 -62.8864 103.405
16.0279 -67.8219 102.73
17.3288 51.1085 109.056
15.5943 -52.8765 107.622
16.0589 -60.3466 104.059
16.6759 47.8904 110.155
18.3212 26.4029 96.1164
16.7706 9.1436 104.932
16.3317 3.84863 108.808
14.9096 -25.4369 113.745
15.4537 -64.8493 103.678
17.7425 24.6829 95.2201
13.953 -13.9026 115.589
14.2954 -26.808 114.816
14.2265 -29.9767 113.237
13.9577 -47.5473 110.872
14.3713 -52.4059 109.605
14.2507 -69.1786 103.932
14.9444 2.18311 110.901
14.1677 -54.7317 107.119
14.6201 -59.466 104.935
15.034 46.2224 111.155
15.4381 33.6974 102.638
16.4051 26.6365 97.121
15.1612 10.6624 104.747
14.1586 -0.456078 113.024
12.729 -49.4289 111.78
14.498 48.7321 110.414
15.6642 18.8128 97.032
12.5954 -27.6482 115.598
13.4966 -63.7846 105.106
14.8708 28.0711 100.059
13.4115 4.94306 111.695
12.9563 0.761584 114.421
12.8242 -58.5187 106.155
13.1525 -61.3516 105.397
13.4925 10.4627 106.829
11.2609 -51.3245 112.589
13.8267 28.8363 101.449
11.9688 3.56036 114.713
11.5978 -0.0963992 117.489
12.5433 42.5308 110.966
11.1737 -57.9621 107.282
9.70561 -1.3038 122.67
8.38853 -8.05972 130.754
9.89435 -15.0391 115.462
9.57117 -50.2788 113.703
9.45414 -21.7567 114.749
9.8496 -55.0978 110.755
10.8591 46.5565 112.099
9.74423 -59.3651 107.064
10.3629 41.7487 112.1
10.6781 33.3939 105.964
11.0364 29.9057 104.288
8.32416 0.997222 123.143
6.89535 -6.82969 131.878
6.77484 -11.9296 132.046
9.03332 -67.7726 106.517
10.1373 51.8558 111.062
8.17902 3.13776 121.618
7.66545 -19.0263 116.832
7.90109 -23.9968 116.37
7.62388 -47.2043 114.618
8.03517 -54.5612 111.717
8.45228 -65.1169 106.643
9.56007 15.9566 107.259
6.28722 -3.31636 129.972
5.73014 -8.40591 133.643
6.66173 1.61257 125.347
6.95756 -27.1207 119.166
8.22274 45.8482 112.905
8.69423 19.8228 105.299
4.82868 -6.6182 133.801
5.98816 -19.5542 117.711
6.16169 -51.3194 115.386
5.84078 -37.7192 114.785
6.69354 -64.0638 107.173
7.22865 47.6567 112.865
7.82637 26.393 106.953
6.27717 -58.7468 107.938
5.67687 10.908 119.476
3.46139 -8.58982 135.648
3.41578 -10.4976 136.206
3.53867 -12.3518 136.099
5.9854 45.6385 113.483
4.10428 -20.1454 118.961
4.36017 -54.9792 111.459
5.70509 39.611 113.484
5.46329 17.1963 114.801
3.19069 -18.5219 120.719
4.54941 -57.6953 108.56
4.83884 -62.7525 108.008
5.23307 50.9603 112.307
4.79224 34.6968 112.646
5.15349 32.2825 111.942
5.1916 30.3006 111.316
3.85414 12.2224 120.712
2.55714 2.11151 128.441
1.5411 -10.664 137.534
2.927 -26.8611 120.242
2.48326 -49.0366 115.74
2.62186 -51.8001 115.666
2.81376 -54.1308 113.521
3.29234 -72.1403 106.56
3.58572 13.896 119.561
1.30149 -5.27494 135.182
1.15829 -8.73934 136.948
1.14165 -15.228 132.682
1.16131 -16.347 130.012
2.53205 -55.7592 110.007
3.46645 43.2762 113.511
3.57508 39.4358 113.737
3.84202 36.4872 113.461
2.69538 -58.6252 107.512
3.0062 -61.2133 107.838
3.01208 -64.0862 107.921
1.12303 0.959099 130.495
2.34563 49.3269 112.65
2.28816 47.1742 113.33
2.8123 34.8292 113.649
3.13005 30.295 112.558
1.17018 -26.9524 120.538
0.805144 -53.1947 115.338
0.953907 -54.8834 112.091
0.9645 -68.6977 106.825
0.851669 -72.0401 106.131
1.22496 45.0312 113.475
1.45289 42.9867 113.776
1.40285 40.9324 113.996
2.17069 24.0068 113.485
1.25392 13.2144 121.805
1.09406 11.6107 122.805
-0.28398 -0.0467325 131.525
-0.557659 -2.13917 133.314
-0.901781 -5.18885 135.256
-0.263906 -29.64 118.937
0.961009 -60.2382 107.7
1.24985 -62.7159 108.064
1.04468 -65.438 107.076
-0.16814 -21.8925 118.232
-0.174814 -25.4002 118.577
-0.951975 -46.9897 115.129
0.661717 37.3271 114.345
-0.312803 7.38819 125.978
-0.981181 -27.9199 120.695
0.645497 29.9423 113.266
-1.74087 -18.9763 120.881
-1.04801 -56.7933 109.573
-1.05047 -68.6187 106.703
-1.51433 5.30137 127.387
-2.63056 -3.50561 133.58
-2.82147 -12.3974 136.304
-2.29979 -44.7353 113.627
-0.621304 35.6184 114.266
-1.36667 11.2098 123.203
-2.26487 -26.683 120.287
-2.66548 -47.8635 115.607
-2.48635 -50.2312 115.939
-0.479091 26.3247 113.476
-2.65983 -55.8285 111.031
-1.68588 37.3381 114.359
-2.64153 7.04757 125.457
-3.21515 -25.1172 118.161
-2.53014 -58.873 107.87
-2.41265 -61.3226 107.842
-3.0293 -68.5163 106.612
-1.75509 28.8477 112.933
-4.33855 -5.47987 133.815
-4.5328 -8.47956 135.2
-4.137 -46.2656 114.567
-3.51579 -71.9029 106.191
-3.1869 45.0379 113.46
-2.9573 40.8619 114.283
-2.05297 25.1771 113.724
-2.66874 16.2286 118.374
-4.32709 -48.8024 116.017
-4.31048 -53.4874 114.319
-2.73343 31.9662 113.412
-2.84962 20.0717 115.384
-3.79987 9.95502 122.22
-3.96052 7.8117 123.518
-4.20953 3.47269 126.386
-4.51147 -26.2808 119.671
-4.60277 -54.8999 112.175
-3.77266 50.8966 112.847
-5.28552 -15.9717 118.173
-5.05752 -22.2251 116.944
-4.36437 -62.7391 107.479
-3.94446 37.1025 114.126
-4.9255 5.24794 124.152
-6.19051 -7.26917 132.897
-6.46758 -10.1716 133.449
-5.8537 -43.9816 112.948
-5.03238 -65.5692 107.515
-4.76229 48.6078 112.997
-5.30251 42.7958 113.668
-5.35549 40.6657 113.871
-4.67531 31.9652 112.401
-4.3923 24.8818 112.227
-5.02158 15.0059 116.693
-5.50963 9.14112 120.786
-5.67769 6.96368 121.993
-6.82781 -5.63775 130.741
-6.27114 -25.0254 117.974
-6.12505 -27.0682 119.747
-6.11269 -66.8981 106.778
-5.74461 11.3477 118.674
-6.2719 -62.696 106.714
-6.05854 50.8696 112.67
-5.66388 37.2073 113.389
-5.89723 33.4457 111.605
-5.46445 23.1376 110.751
-7.35962 -31.7624 118.345
-6.13831 19.8556 110.568
-8.32782 -8.42731 130.09
-7.75844 -28.4534 118.314
-7.46417 -55.455 111.731
-7.13828 38.7204 113.24
-6.69384 35.2617 111.726
-7.17913 8.925 118.638
-7.60062 0.881405 123.768
-8.37711 -16.8221 116.688
-8.40583 -44.6456 113.219
-7.53455 -61.219 107.724
-7.54201 42.5952 113.194
-7.66945 40.6177 113.355
-6.99884 17.3564 110.913
-9.04137 -6.7851 127.965
-8.73588 -20.4879 115.758
-8.81399 -46.7873 115.356
-8.11108 -63.5204 106.987
-7.75098 12.4014 114.305
-7.91643 10.166 116.465
-8.42792 -1.71249 124.811
-9.32559 -24.1036 115.804
-9.19993 -25.7137 117.244
-8.11367 31.0361 108.92
-8.67963 4.42421 119.366
-9.49351 -27.5677 117.928
-9.5137 -53.7865 111.816
-9.03929 -56.9646 110.668
-8.9923 -59.3976 109.267
-8.1347 26.6199 107.205
-8.54378 13.9061 111.1
-10.074 -16.781 115.934
-10.0419 -45.7776 114.187
-9.3541 49.241 112.282
-9.50401 38.7029 111.665
-9.14478 32.5403 108.158
-9.38188 7.83873 115.864
-9.7891 -4.07506 123.718
-10.5157 -7.07184 125.551
-10.4939 -47.8009 115.262
-9.91761 44.0657 112.735
-10.0385 1.01207 118.998
-10.9756 -24.729 115.426
-10.4675 -55.3765 110.944
-10.4112 34.2457 107.29
-9.73961 21.3378 103.239
-11.2116 -18.9339 114.376
-11.2301 -52.8423 112.191
-10.1918 28.3885 105.469
-10.3422 16.2517 105.335
-10.5119 12.2668 109.294
-10.4905 10.4122 111.786
-11.721 -16.7399 114.777
-11.6481 -46.8222 114.346
-10.762 24.9277 102.371
-12.186 -48.7592 114.859
-12.1187 -51.5759 113.527
-11.6544 -56.3401 109.948
-11.8497 49.3707 111.816
-11.8235 47.5627 112.113
-11.8342 38.5144 109.821
-11.0821 22.7079 101.085
-12.7556 -22.6834 114.126
-11.979 -58.7764 108.906
-12.2887 33.0242 105.129
-12.1875 2.5399 114.861
-12.8733 -26.1049 116.228
-12.4417 -62.7127 106.874
-12.8474 43.7861 112.268
-13.549 -27.912 115.065
-13.3048 -51.917 111.904
-12.6695 27.0357 101.96
-13.4697 -56.8538 108.957
-13.5819 41.2374 111.477
-14.1002 -53.2777 110.023
-14.2707 49.8691 111.113
-13.3989 22.196 97.7764
-13.6144 15.2958 101.587
-13.8998 5.59441 111.287
-14.4428 -47.5704 113.008
-14.5567 -49.5676 112.766
-15.3667 -69.3725 102.688
-14.1888 29.8495 102.818
-14.1483 18.1109 98.6459
-14.8491 -6.33819 114.097
-15.117 -26.459 114.77
-15.5072 -28.1233 113.021
-15.0096 -58.833 107.409
-14.9649 38.5869 107.808
-15.555 34.732 105.01
-15.049 19.6858 97.0889
-15.3918 0.336886 112.296
-16.1598 -9.83394 115.115
-15.89 -13.366 112.539
-15.7978 -50.2779 110.697
-16.1095 -63.8218 104.427
-15.9996 41.1253 109.666
-16.0642 36.9161 106.11
-16.2645 -56.8702 107.296
-16.8304 -65.98 102.894
-16.3296 28.68 100.407
-17.278 -19.5478 110.941
-16.6408 -47.7989 111.02
-17.0954 35.7031 105.239
-17.2989 -6.86796 109.938
-17.2214 44.032 111.324
-17.5097 27.5118 98.0829
-17.2382 5.63072 108.63
-17.3745 0.551707 110.684
-17.6101 -57.7669 106.11
-18.6092 -21.8326 111.015
-17.913 -50.1235 108.199
-18.0468 -53.1356 107.155
-18.447 34.5802 103.235
-18.4365 28.8078 99.2573
-18.8161 -16.485 110.88
-18.9113 -28.124 109.968
-18.4237 -37.5459 103.968
-18.5116 -55.7728 106.083
-18.9202 -61.8719 103.265
-18.9797 42.8849 109.597
-19.0203 37.1596 105.088
-18.7232 30.5355 100.965
-19.0967 -24.7382 112.118
-18.5582 -44.3606 108.436
-18.6447 -47.5935 108.534
-19.1396 6.44554 106.883
-19.2699 4.18269 107.989
-19.3373 -0.904949 110.238
-19.8273 -8.70305 109.019
-19.5623 -26.4739 111.56
-19.4495 -53.5812 105.873
-20.2583 -66.352 99.6036
-19.7421 47.5348 110.176
-20.0653 41.7153 107.555
-19.8616 33.8934 101.933
-20.5884 38.6122 105.264
-20.6358 -14.5543 110.197
-20.4481 -30.1545 108.164
-20.8505 14.2901 98.4337
-21.1297 -5.31237 109.622
-21.3368 -19.4781 108.803
-20.9069 -26.9123 110.171
-20.4185 -46.4882 106.695
-20.8921 -54.6377 104.667
-21.1351 49.3348 109.037
-21.4695 34.8487 102.106
-21.3091 -0.748157 109.268
-21.3962 -25.0924 110.639
-21.6875 46.2413 109.397
-22.2731 -9.0918 108.165
-22.0376 -23.1317 109.433
-21.7337 -52.5875 104.374
-21.9728 -57.1024 102.918
-22.7418 -12.0059 108.529
-22.5438 -59.8003 100.67
-23.0576 38.2977 104.064
-22.3158 -39.7781 103.818
-23.2264 -63.9016 97.7758
-23.0683 5.66576 104.766
-23.217 1.02877 107.754
-23.3516 -3.27136 109.358
-23.5449 -5.75578 109.271
-22.6114 -31.4336 105.962
-22.7309 -45.4458 104.327
-23.2153 -53.0223 102.807
-23.924 -59.6561 98.9089
-24.1149 31.6757 100.517
-23.5976 -43.3717 103.768
-24.113 27.6193 97.3414
-24.6624 12.3797 98.4583
-24.9623 -15.6614 107.627
-24.647 -23.706 107.501
-24.1344 -29.3642 105.959
-24.6672 -52.421 101.347
-25.2383 29.2229 99.2071
-25.0618 2.84635 105.878
-24.248 -30.9545 104.996
-24.2808 -34.4298 102.19
-25.2153 -54.8187 100.093
-25.4489 -59.9674 96.6341
-25.3165 49.2309 107.144
-26.4688 19.8819 95.5599
-25.6506 0.594419 107.079
-25.7584 -1.49661 108.122
-25.9983 -6.17257 108.955
-26.1725 -14.0972 106.763
-25.603 -22.2366 106.545
-25.1648 -27.3243 106.585
-25.316 -46.3683 102.329
-26.164 32.9217 100.835
-26.8714 36.856 102.176
-26.5979 12.0335 98.2551
-27.2707 -12.6337 106.578
-26.1762 -25.4812 106.774
-25.8461 -39.5192 102.3
-26.5955 -50.5066 99.8597
-27.516 40.4543 103.213
-27.3408 38.5968 102.792
-26.9616 8.86442 99.8168
-26.9957 2.97688 104.853
-27.2949 -18.9067 106.381
-27.2659 -52.7488 98.2567
-27.3049 -57.4303 95.9052
-28.2782 17.8592 96.3572
-27.7335 13.4104 98.6072
-27.6463 0.716125 106.121
-27.7543 -1.42114 107.397
-27.8526 -3.51674 108.184
-26.6657 -32.5131 103.124
-27.7674 -55.1046 96.9498
-27.7907 -59.7616 94.1577
-28.6751 21.7447 97.5527
-26.9154 -36.3465 101.755
-28.7724 -19.1663 105.423
-28.3889 -23.0283 104.864
-29.5952 -12.673 107.065
-28.0271 -31.0621 103.756
-29.1227 -50.0578 97.2606
-29.6976 39.0811 102.135
-30.1835 20.0905 97.2479
-29.8698 15.287 98.3189
-29.4435 2.52395 103.904
-29.6988 0.322687 105.451
-30.2242 -9.36488 108.199
-28.8824 -25.3227 104.453
-30.2304 43.3732 104.025
-30.6491 22.4869 96.4767
-29.8749 9.9617 98.182
-30.2953 -3.96243 107.641
-30.3609 -16.2325 105.206
-28.9617 -29.5838 103.789
-30.3272 45.9001 105.258
-31.1258 -7.87245 107.99
-29.8671 -34.342 101.69
-29.3479 -38.2931 101.532
-29.986 -45.2918 98.8238
-31.3169 29.1896 98.5909
-30.7736 -22.0253 103.884
-31.8048 15.3923 97.7341
-31.6274 0.473565 104.527
-32.0077 -11.8273 107.703
-31.6787 -20.4288 104.004
-31.3878 -50.3066 95.1573
-32.2995 39.2766 100.999
-32.3311 35.1115 99.4913
-32.4097 27.8232 97.5233
-31.7568 6.21757 100.175
-31.5886 -45.6112 97.1643
-32.575 42.061 102.345
-32.8616 26.0296 95.9799
-32.6721 -3.93249 106.963
-32.7256 -15.3973 106.061
-32.1557 -23.2947 102.88
-31.5043 -36.2061 100.338
-32.7235 9.5447 97.2451
-33.4524 -8.30033 107.642
-32.0152 -33.2767 100.875
-32.0386 -37.9776 99.6386
-32.6747 -51.8527 93.5124
-33.6707 40.4847 100.947
-33.963 36.004 99.4592
-34.1965 20.506 94.6507
-34.1037 18.6068 94.1594
-33.1104 -46.2969 95.3325
-34.3418 39.0652 100.162
-34.0272 -1.57162 105.084
-34.34 -11.7036 107.119
-33.1312 -34.571 99.3134
-33.3886 -44.1803 96.7245
-33.7418 -49.7238 93.1221
-34.418 42.2751 101.687
-34.6901 31.2693 97.5578
-34.7578 28.5792 96.5729
-34.6511 -14.066 106.534
-33.6346 -29.3272 100.581
-33.6687 -36.4463 98.9557
-34.7344 12.3292 95.5145
-34.6393 10.249 96.0956
-35.1056 -5.79511 106.729
-35.6621 16.6713 95.4793
-35.332 14.2342 96.1655
-34.4499 -31.6476 99.5678
-34.6383 -38.4401 98.1465
-34.9777 -45.4276 94.4866
-36.3269 18.6208 92.6799
-34.95 -33.606 98.6196
-36.4239 42.2896 100.043
-36.2753 12.9536 94.6174
-36.1004 10.8687 95.2773
-36.1449 8.12729 96.7467
-35.4638 -35.5366 98.6382
-37.0981 -14.4425 105.639
-36.6827 -22.2113 102.173
-36.4311 -25.9546 100.446
-36.117 -29.2887 99.2378
-36.1683 -41.1579 96.3836
-37.8449 28.2654 94.4617
-37.5169 16.8444 94.0911
-37.097 6.3978 97.9665
-37.4141 -6.61989 105.743
-36.7945 -27.4171 99.6626
-36.6008 -39.2684 96.8423
-36.9765 -47.1601 91.3551
-38.1063 23.5058 90.558
-37.7632 2.45455 100.353
-37.7053 -0.700303 102.611
-38.0626 -8.63383 105.587
-37.6688 -18.546 103.757
-36.8324 -33.1521 98.6796
-37.1864 -42.9139 93.8507
-38.3665 40.2266 98.3076
-38.7369 34.256 96.6491
-38.6911 30.5247 95.5025
-38.7502 20.7418 88.528
-38.1005 11.1488 94.149
-38.016 -20.8479 102.781
-38.5963 7.11984 96.6068
-38.8715 -5.5567 104.6
-38.9866 -13.3369 104.791
-38.3876 -22.8081 101.853
-38.0541 -28.8799 99.2544
-37.9109 -37.3476 96.7216
-39.5294 36.7824 97.0731
-39.7343 32.2663 95.2876
-39.6217 28.577 93.9941
-39.0345 5.45174 97.7775
-39.3098 -15.6678 103.934
-38.3304 -32.2722 98.7531
-38.971 -47.1057 88.9259
-39.8392 15.644 91.9347
-39.7169 13.7073 91.9422
-39.5076 3.22991 98.9341
-40.6878 30.0011 94.2378
-40.379 23.3789 89.5769
-40.0268 7.96793 94.9165
-40.4698 -9.87406 104.064
-39.9463 -19.866 102.147
-40.8477 19.1111 88.5041
-40.826 16.9326 90.1859
-40.6372 -4.37654 102.851
-40.818 -13.1656 103.319
-39.8602 -37.1822 94.8618
-41.2108 14.008 90.5791
-41.2198 10.2745 92.5407
-40.884 3.95586 97.6474
-41.3041 -6.85527 103.056
-40.4127 -28.0473 99.1918
-41.9638 26.7914 91.0452
-41.5042 -1.51646 100.523
-41.9165 -11.167 102.586
-41.6448 -17.4223 101.84
-41.9224 0.172174 98.9938
-41.3835 -24.15 99.7747
-41.3351 -36.1517 93.5285
-41.5629 -40.4406 90.7616
-42.7506 12.1437 90.1188
-42.2156 -21.6957 99.5343
-41.8106 -26.0854 98.6668
-41.7363 -30.6863 96.4617
-43.1425 -5.68596 100.949
-43.4125 -10.6057 101.003
-43.161 -14.8949 100.869
-42.2918 -32.4356 94.5878
-43.8191 28.7883 91.086
-43.9037 24.5147 87.407
-43.6759 15.3219 87.6791
-43.7083 13.3305 88.7262
-43.5626 9.51116 91.31
-43.4518 0.857149 97.1656
-43.5345 -17.2438 99.8665
-42.9591 -23.9984 98.0367
-42.9321 -36.9316 90.8039
-44.0376 7.20281 92.7064
-44.0173 5.53757 94.0081
-43.9461 -19.1215 98.5611
-43.6932 -21.508 98.0095
-43.3503 -25.9075 96.8322
-43.3121 -30.0308 94.5967
-44.5214 -4.99723 99.2226
-44.6675 -13.762 99.3079
-44.0409 -33.1222 91.2961
-45.1821 13.9061 86.9766
-45.2523 -7.09567 98.8724
-44.9782 -16.1291 98.4539
-44.6573 -22.8707 96.1516
-44.4503 -35.3823 89.4801
-45.367 -20.3249 96.021
-45.9305 5.74599 91.7903
-46.2291 -12.2922 97.6033
-46.5468 8.70802 88.9612
-46.7323 -9.96389 97.1005
-46.5402 -14.5034 96.7341
-46.198 -22.1795 94.0768
-45.9611 -29.1961 91.1065
-46.4585 -26.8524 91.6378
-46.4436 -30.9965 89.3373
-47.656 9.42976 87.265
-47.6764 -12.1343 95.706
-48.2572 -9.78945 95.1081
-47.4858 -32.2794 86.8827
-48.5124 -7.63094 94.419
-49.0147 10.7584 85.0605
-49.4328 4.7482 88.127
-49.4795 -5.52818 92.608
-49.5903 -10.9144 92.8622
-49.3291 -16.1057 92.1484
-48.9753 -23.7423 88.9092
-49.9013 -7.92655 92.2449
-49.6936 -20.7231 89.3128
-50.306 -0.152275 89.3901
-50.9349 -5.12246 90.2289
-50.9505 -11.1977 90.3352
-50.8876 -16.305 89.1509
-50.4871 -23.4049 86.1365
-51.4798 4.52725 85.4858
-51.4709 -8.11335 89.4616
-51.2044 -20.0342 86.6872
-52.3687 -12.8465 87.4251
-52.3796 -16.5658 85.9683
-52.7697 -1.83735 86.3845
-53.3187 -5.56957 86.5615
